Time,Sine_Model,Multisine_Model,Synthetic_Data,Synthetic_Fit
0.0,0.0,1.5,1.61520596652,1.50453064323
0.00500500500501,0.0314421909191,1.48770270326,1.41951259981,1.5144653724
0.01001001001,0.0628532900445,1.47346509276,1.43964777784,1.52242422235
0.015015015015,0.0942022363276,1.45730754313,1.58539704731,1.528395873
0.02002002002,0.12545803018,1.4392532297,1.54107788015,1.53237189866
0.025025025025,0.156589764129,1.41932809414,1.64357302236,1.53434677885
0.03003003003,0.187566653376,1.39756080565,1.47334457076,1.53431790433
0.035035035035,0.218358066245,1.37398271773,1.69556261036,1.53228557855
0.04004004004,0.248933554467,1.3486278206,1.65083259387,1.52825301437
0.045045045045,0.279262883293,1.32153268937,1.621170043,1.52222632615
0.0500500500501,0.309316061389,1.292736428,1.52989927725,1.5142145172
0.0550550550551,0.339063370495,1.26228060918,1.4941986773,1.50422946264
0.0600600600601,0.36847539481,1.2302092102,1.50185789612,1.49228588764
0.0650650650651,0.397523050084,1.19656854494,1.57452562366,1.47840134121
0.0700700700701,0.426177612372,1.16140719209,1.41437084051,1.46259616541
0.0750750750751,0.454410746445,1.12477591968,1.57743993778,1.44489346028
0.0800800800801,0.482194533802,1.08672760607,1.41529300631,1.42531904429
0.0850850850851,0.509501500284,1.04731715758,1.34448470102,1.40390141058
0.0900900900901,0.536304643237,1.00660142275,1.53277761747,1.38067167902
0.0950950950951,0.562577458218,0.964639103629,1.4169853055,1.35566354416
0.1001001001,0.588293965201,0.921490663901,1.47337495178,1.32891321912
0.105105105105,0.613428734267,0.877218234324,1.28035403059,1.30045937564
0.11011011011,0.637956910753,0.831885515431,1.31782660596,1.27034308029
0.115115115115,0.66185423983,0.785557677746,1.27331012036,1.23860772705
0.12012012012,0.685097090484,0.738301259661,0.999305474048,1.20529896624
0.125125125125,0.707662478887,0.690184063136,1.05800143941,1.17046463014
0.13013013013,0.729528091122,0.641275047422,1.23346705269,1.13415465518
0.135135135135,0.750672305253,0.59164422096,0.992843456034,1.09642100106
0.14014014014,0.771074212699,0.541362531654,0.897832320451,1.05731756685
0.145145145145,0.790713638915,0.490501755695,0.9660726793,1.0169001041
0.15015015015,0.809571163341,0.439134385132,1.01507111509,0.975226127432
0.155155155155,0.827628138603,0.387333514371,0.840427975308,0.932354822376
0.16016016016,0.844866708956,0.335172725795,0.879429576421,0.888346950937
0.165165165165,0.861269827939,0.282725974704,0.871356810328,0.84326475486
0.17017017017,0.876821275233,0.230067473761,0.841170638763,0.797171856855
0.175175175175,0.891505672698,0.177271577151,0.657112300207,0.750133159918
0.18018018018,0.905308499583,0.124412664629,0.733787927777,0.702214744928
0.185185185185,0.91821610688,0.0715650256803,0.536703256411,0.653483766702
0.19019019019,0.930215730829,0.0188027439561,0.644840879743,0.604008348683
0.195195195195,0.94129550553,-0.0338004177884,0.601337123181,0.553857476434
0.2002002002,0.951444474683,-0.0861711320838,0.62606715974,0.503100890139
0.205205205205,0.960652602422,-0.138236620258,0.424224618412,0.451808976274
0.21021021021,0.968910783236,-0.189924764882,0.346509655539,0.400052658636
0.215215215215,0.976210850974,-0.241164220963,0.136157037749,0.347903288933
0.22022022022,0.982545586923,-0.291884525693,0.612156549972,0.295432537087
0.225225225225,0.98790872694,-0.342016206571,0.190534798657,0.242712281468
0.23023023023,0.992294967655,-0.391490887718,0.0928197735654,0.189814499215
0.235235235235,0.995699971707,-0.440241394206,0.135192569801,0.136811156844
0.24024024024,0.998120372038,-0.488201854223,0.246132018674,0.0837741013243
0.245245245245,0.999553775222,-0.535307798908,-0.0397144659661,0.0307749517904
0.25025025025,0.999998763829,-0.581496259691,-0.0847907153839,-0.0221150079169
0.255255255255,0.999454897829,-0.626705862964,-0.0440145470672,-0.0748249357119
0.26026026026,0.997922715028,-0.67087692194,-0.142519207891,-0.127284536551
0.265265265265,0.995403730534,-0.713951525541,-0.0181637997268,-0.179424166376
0.27027027027,0.991900435259,-0.755873624169,-0.216255873064,-0.231174934542
0.275275275275,0.987416293457,-0.796589112212,-0.347848535448,-0.282468804567
0.28028028028,0.981955739298,-0.836045907165,-0.253060929002,-0.333238693044
0.285285285285,0.975524172482,-0.874194025222,-0.436697787716,-0.383418566554
0.29029029029,0.968127952902,-0.910985653224,-0.377763765994,-0.432943536425
0.295295295295,0.959774394353,-0.946375216838,-0.358845503436,-0.481749951192
0.3003003003,0.9504717573,-0.980319444869,-0.476934296001,-0.529775486619
0.305305305305,0.94022924071,-1.01277742959,-0.65945451864,-0.576959233128
0.31031031031,0.929056972954,-1.04371068302,-0.554673649212,-0.623241780511
0.315315315315,0.916966001796,-1.073083189,-0.476687934522,-0.668565299799
0.32032032032,0.903968283462,-1.10086145106,-0.899376143959,-0.712873622157
0.325325325325,0.890076670822,-1.12701453598,-0.816916281004,-0.756112314689
0.33033033033,0.875304900678,-1.15151411293,-0.771314580328,-0.798228753042
0.335335335335,0.859667580181,-1.17433448821,-0.757230069971,-0.83917219071
0.34034034034,0.843180172386,-1.19545263549,-0.73799418477,-0.878893824923
0.345345345345,0.825858980964,-1.2148482215,-0.98737147855,-0.917346859045
0.35035035035,0.807721134074,-1.23250362715,-1.06415855984,-0.954486561386
0.355355355355,0.788784567433,-1.24840396415,-1.06427469925,-0.990270320343
0.36036036036,0.769068006574,-1.26253708687,-1.14524947081,-1.02465769582
0.365365365365,0.748590948335,-1.27489359969,-1.19182251718,-1.05761046681
0.37037037037,0.727373641573,-1.28546685974,-1.19828550714,-1.08909267518
0.375375375375,0.705437067146,-1.29425297492,-1.21722145466,-1.11907066548
0.38038038038,0.682802917163,-1.30125079744,-1.22208328516,-1.14751312079
0.385385385385,0.659493573536,-1.30646191274,-1.1442267041,-1.17439109466
0.39039039039,0.635532085844,-1.30989062382,-1.14302880163,-1.19967803893
0.395395395395,0.610942148545,-1.31154393115,-1.41829783056,-1.22334982751
0.4004004004,0.585748077542,-1.31143150806,-1.35228059988,-1.2453847762
0.405405405405,0.559974786138,-1.30956567178,-1.18133121452,-1.26576365829
0.41041041041,0.533647760402,-1.30596135007,-1.28916766837,-1.2844697162
0.415415415415,0.506793033968,-1.30063604364,-1.27834831266,-1.301488669
0.42042042042,0.479437162289,-1.29360978438,-1.28244535561,-1.31680871591
0.425425425425,0.451607196377,-1.28490508944,-1.2872390287,-1.33042053575
0.43043043043,0.423330656057,-1.27454691134,-1.37559367336,-1.34231728238
0.435435435435,0.394635502749,-1.26256258413,-1.32962331924,-1.35249457618
0.44044044044,0.365550111825,-1.24898176578,-1.20766905799,-1.36095049162
0.445445445445,0.336103244542,-1.23383637685,-1.2715025906,-1.36768554092
0.45045045045,0.306324019607,-1.21716053556,-1.37639183217,-1.37270265389
0.455455455455,0.276241884379,-1.1989904895,-1.420328993,-1.37600715406
0.46046046046,0.245886585754,-1.1793645439,-1.41812086871,-1.37760673104
0.465465465465,0.215288140745,-1.15832298678,-1.46500106064,-1.37751140929
0.47047047047,0.184476806803,-1.13590801111,-1.33188146285,-1.37573351336
0.475475475475,0.153483051896,-1.11216363394,-1.23283032847,-1.3722876297
0.48048048048,0.122337524378,-1.08713561292,-1.37133165709,-1.36719056501
0.485485485485,0.0910710226866,-1.0608713602,-1.51537853155,-1.36046130145
0.49049049049,0.0597144648832,-1.03341985384,-1.37125627999,-1.3521209486
0.495495495495,0.0282988580831,-1.00483154703,-1.21426246412,-1.34219269236
0.500500500501,-0.00314473220774,-0.975158275245,-1.273484834,-1.330701741
0.505505505506,-0.0345852128118,-0.944453161375,-1.42361410642,-1.31767526827
0.510510510511,-0.0659914936266,-0.912770519227,-1.33816367297,-1.30314235384
0.515515515516,-0.0973325183683,-0.880165755395,-1.34824271938,-1.28713392121
0.520520520521,-0.128577295282,-0.846695269768,-1.22862715763,-1.26968267311
0.525525525526,-0.159694927788,-0.812416354828,-1.14259443795,-1.25082302458
0.530530530531,-0.190654645033,-0.777387093938,-1.09419334107,-1.23059103391
0.535535535536,-0.221425832322,-0.741666258794,-1.09557045742,-1.20902433146
0.540540540541,-0.251978061385,-0.705313206225,-1.15658229055,-1.18616204671
0.545545545546,-0.282281120474,-0.668387774541,-0.947920481747,-1.16204473335
0.550550550551,-0.312305044231,-0.630950179604,-1.04445427487,-1.13671429297
0.555555555556,-0.342020143326,-0.593060910817,-1.09019750504,-1.11021389713
0.560560560561,-0.371397033808,-0.554780627213,-0.910706476089,-1.08258790818
0.565565565566,-0.400406666168,-0.516170053833,-1.19661578317,-1.05388179891
0.570570570571,-0.429020354062,-0.477289878575,-1.13806829811,-1.02414207117
0.575575575576,-0.457209802679,-0.438200649708,-1.10812246284,-0.993416173675
0.580580580581,-0.484947136717,-0.398962674214,-0.844321776187,-0.961752419013
0.585585585586,-0.512204927953,-0.359635917157,-1.05429125536,-0.929199900205
0.590590590591,-0.53895622236,-0.320279902247,-0.744829578882,-0.895808406792
0.595595595596,-0.565174566765,-0.280953613776,-0.901383006113,-0.861628340707
0.600600600601,-0.590834035006,-0.241715400095,-0.80502748815,-0.82671063204
0.605605605606,-0.615909253567,-0.202622878809,-0.664467854665,-0.791106654861
0.610610610611,-0.640375426673,-0.163732843838,-0.744534840648,-0.754868143248
0.615615615616,-0.664208360806,-0.125101174529,-0.671477189522,-0.718047107668
0.620620620621,-0.687384488629,-0.0867827469531,-0.685770815106,-0.680695751857
0.625625625626,-0.709880892294,-0.0488313475505,-0.475135792446,-0.642866390345
0.630630630631,-0.731675326102,-0.0112995892714,-0.647186429968,-0.60461136676
0.635635635636,-0.752746238498,0.0257611696484,-0.544199772478,-0.565982973066
0.640640640641,-0.773072793389,0.0623009041402,-0.51331644948,-0.527033369855
0.645645645646,-0.792634890742,0.0982709978502,-0.381904482407,-0.487814507828
0.650650650651,-0.811413186463,0.133624315658,-0.346035603188,-0.448378050611
0.655655655656,-0.829389111525,0.168315273046,-0.520490310538,-0.408775299009
0.660660660661,-0.84654489033,0.20229990221,-0.297876839051,-0.369057116835
0.665665665666,-0.862863558286,0.235535914792,-0.520336089081,-0.329273858432
0.670670670671,-0.878328978583,0.267982761159,-0.411718137809,-0.289475297994
0.675675675676,-0.89292585815,0.299601686102,-0.0378416046758,-0.249710560798
0.680680680681,-0.906639762777,0.330355780903,-0.161011222594,-0.210028056462
0.685685685686,-0.91945713139,0.36021003166,-0.0207261353231,-0.170475414313
0.690690690691,-0.93136528946,0.389131363826,-0.313834987561,-0.131099420971
0.695695695696,-0.942352461534,0.417088682867,-0.0949337581016,-0.091945960238
0.700700700701,-0.952407782884,0.444052911015,-0.24624329563,-0.0530599553734
0.705705705706,-0.961521310247,0.469997020039,0.0197891489668,-0.0144853138349
0.710710710711,-0.969684031658,0.494896060005,0.164170912581,0.0237351254354
0.715715715716,-0.976887875361,0.518727183994,0.146994941627,0.0615596421176
0.720720720721,-0.983125717796,0.541469668735,0.0428499202231,0.0989476819476
0.725725725726,-0.988391390633,0.563104931155,0.0590777503525,0.135859901421
0.730730730731,-0.992679686884,0.583616540822,0.0936480153443,0.172258209718
0.735735735736,-0.995986366039,0.602990228281,0.32390398772,0.208105807802
0.740740740741,-0.998308158271,0.621213889285,0.318705914705,0.243367224653
0.745745745746,-0.999642767662,0.638277584944,0.0269538156977,0.278008350606
0.750750750751,-0.999988874476,0.654173537794,0.25694739612,0.311996467766
0.755755755756,-0.999346136462,0.668896123831,0.365929422451,0.345300277467
0.760760760761,-0.997715189196,0.682441860541,0.285238525235,0.37788992479
0.765765765766,-0.99509764545,0.694809390956,0.407296777343,0.409737020091
0.770770770771,-0.991496093597,0.705999463809,0.501666964918,0.440814657568
0.775775775776,-0.986914095053,0.716014909826,0.18919491511,0.47109743086
0.780780780781,-0.981356180754,0.724860614228,0.461903529009,0.500561445678
0.785785785786,-0.974827846675,0.732543485517,0.501446956182,0.529184329497
0.790790790791,-0.967335548397,0.739072420623,0.596388632423,0.556945238317
0.795795795796,-0.958886694725,0.74445826649,0.629163249375,0.583824860532
0.800800800801,-0.949489640355,0.748713778205,0.622908726625,0.609805417929
0.805805805806,-0.93915367762,0.751853573763,0.694917648326,0.634870663852
0.810810810811,-0.927889027297,0.753894085572,0.609227763892,0.659005878592
0.815815815816,-0.9157068285,0.754853508802,0.626242867551,0.682197862023
0.820820820821,-0.902619127669,0.754751746714,0.879958056699,0.704434923569
0.825825825826,-0.888638866652,0.753610353066,0.819405036087,0.725706869526
0.830830830831,-0.873779869913,0.751452471739,0.720421223036,0.746004987835
0.835835835836,-0.858056830856,0.748302773712,0.755618449391,0.76532203035
0.840840840841,-0.8414852973,0.744187391518,0.718952850663,0.783652192682
0.845845845846,-0.824081656103,0.739133851326,0.704249080775,0.800991091696
0.850850850851,-0.805863116958,0.733171002792,0.866397662328,0.817335740744
0.855855855856,-0.786847695372,0.726328946831,0.794595678835,0.832684522703
0.860860860861,-0.767054194856,0.718638961455,0.973372605718,0.847037160932
0.865865865866,-0.746502188328,0.710133425848,0.72623657609,0.860394688217
0.870870870871,-0.72521199876,0.700845742814,0.833364355341,0.872759413808
0.875875875876,-0.703204679081,0.690810259785,0.914222280828,0.884134888647
0.880880880881,-0.680501991355,0.680062188529,0.868023348935,0.894525868887
0.885885885886,-0.657126385269,0.668637523743,0.939450530835,0.903938277798
0.890890890891,-0.633100975927,0.656572960686,1.01263473197,0.912379166184
0.895895895896,-0.608449520994,0.643905812022,0.902590214864,0.919856671394
0.900900900901,-0.583196397206,0.630673924054,0.847235118042,0.92637997506
0.905905905906,-0.557366576262,0.616915592499,0.907878155137,0.931959259656
0.910910910911,-0.530985600129,0.602669477999,1.08142845912,0.936605664002
0.915915915916,-0.504079555791,0.587974521515,1.02781275879,0.940331237821
0.920920920921,-0.476675049446,0.572869859793,0.97828694697,0.943148895466
0.925925925926,-0.4487991802,0.557394741062,0.975200564831,0.945072368931
0.930930930931,-0.420479513269,0.541588441134,0.912920407878,0.946116160263
0.935935935936,-0.39174405272,0.525490180078,1.03666005696,0.946295493492
0.940940940941,-0.362621213782,0.509139039624,0.894283632799,0.945626266187
0.945945945946,-0.333139794742,0.492573881476,0.841337391235,0.944125000767
0.950950950951,-0.303328948475,0.47583326668,0.752348804164,0.941808795668
0.955955955956,-0.273218153608,0.458955376213,0.938787610471,0.938695276488
0.960960960961,-0.242837185379,0.441977932956,0.877310531773,0.93480254722
0.965965965966,-0.212216086183,0.424938125188,0.977963878587,0.930149141685
0.970970970971,-0.181385135873,0.407872531767,1.02956463951,0.924753975271
0.975975975976,-0.150374821814,0.390817049124,0.850117788855,0.918636297094
0.980980980981,-0.119215808736,0.373806820242,1.01814788884,0.911815642677
0.985985985986,-0.0879389084111,0.356876165718,0.845448704807,0.904311787259
0.990990990991,-0.0565750491838,0.340058517079,0.941326674626,0.896144699829
0.995995995996,-0.0251552453894,0.323386352448,0.934004429675,0.887334497983
1.001001001,0.00628943331607,0.306891134707,1.0527320233,0.87790140371
1.00600600601,0.0377278926787,0.290603252256,0.796280624404,0.867865700183
1.01101101101,0.0691290445948,0.274551962495,0.789227027514,0.857247689653
1.01601601602,0.100461837852,0.258765338123,0.825155661947,0.846067652537
1.02102102102,0.131695288836,0.243270216359,0.88792440272,0.834345807768
1.02602602603,0.162798512165,0.228092151185,0.81527363374,0.822102274498
1.03103103103,0.193740751237,0.213255368679,0.797235012406,0.809357035219
1.03603603604,0.224491408638,0.19878272555,0.709200869728,0.796129900376
1.04104104104,0.2550200764,0.18469567092,0.716967127377,0.782440474542
1.04604604605,0.285296566074,0.171014211434,0.820592754325,0.768308124209
1.05105105105,0.315290938576,0.157756879764,0.733241855606,0.753751947252
1.05605605606,0.344973533795,0.144940706544,0.825219355295,0.738790744124
1.06106106106,0.374314999924,0.132581195805,0.665230039321,0.72344299083
1.06606606607,0.403286322484,0.120692303927,0.730845974736,0.707726813718
1.07107107107,0.431858853013,0.109286422158,0.745690900868,0.691659966119
1.07607607608,0.460004337399,0.0983743627108,0.60267177369,0.675259806892
1.08108108108,0.487694943814,0.0879653484681,0.707694934705,0.658543280879
1.08608608609,0.514903290241,0.0780670062967,0.664129439313,0.641526901297
1.09109109109,0.541602471548,0.0686853639764,0.585859454775,0.624226734101
1.0960960961,0.567766086095,0.0598248507402,0.592529718939,0.606658384315
1.1011011011,0.593368261838,0.0514883014125,0.457557053757,0.58883698434
1.10610610611,0.618383681916,0.0436769641259,0.647757993947,0.570777184255
1.11111111111,0.642787609687,0.0363905115907,0.677867981237,0.552493144096
1.11611611612,0.666555913182,0.0296270558828,0.684795192304,0.533998528107
1.12112112112,0.689665088978,0.0233831667086,0.513040227469,0.515306500965
1.12612612613,0.712092285431,0.0176538930995,0.614475161604,0.496429725939
1.13113113113,0.733815325277,0.0124327884806,0.469519864765,0.477380364988
1.13613613614,0.754812727561,0.00771193905164,0.441857837779,0.458170080747
1.14114114114,0.77506372888,0.00348199541168,0.424741777846,0.438810040387
1.14614614615,0.794548303912,-0.000267792647796,0.461831048984,0.419310921301
1.15115115115,0.813247185224,-0.00354953826282,0.434151139405,0.399682918593
1.15615615616,0.831141882316,-0.00637667661788,0.479488762854,0.379935754299
1.16116116116,0.848214699913,-0.00876392116181,0.379669514138,0.360078688322
1.16616616617,0.86444875546,-0.0107272170183,0.375190983668,0.340120530996
1.17117117117,0.879827995816,-0.0122836916967,0.385177462441,0.32006965725
1.17617617618,0.894337213131,-0.0134516032137,0.447161316166,0.299934022296
1.18118118118,0.90796205988,-0.0142502857427,0.293559578682,0.279721178775
1.18618618619,0.920689063053,-0.0147000929111,0.186380477148,0.259438295298
1.19119119119,0.93250563748,-0.0148223388717,0.298458385786,0.239092176316
1.1961961962,0.943400098272,-0.0146392372798,-0.0332108172432,0.218689283227
1.2012012012,0.953361672377,-0.0141738383084,0.213078858651,0.198235756657
1.20620620621,0.962380509237,-0.0134499638413,0.240559554419,0.177737439834
1.21121121121,0.97044769052,-0.0124921409871,0.210798310169,0.157199902958
1.21621621622,0.977555238948,-0.0113255340581,0.117192983063,0.136628468498
1.22122122122,0.98369612618,-0.0099758751632,-0.0704127508322,0.116028237316
1.22622622623,0.988864279763,-0.00846939356757,0.0860506149871,0.0954041155379
1.23123123123,0.99305458914,-0.00683274397129,0.185365793875,0.074760842064
1.23623623624,0.996262910699,-0.00509293386422,0.189390178026,0.0541030166475
1.24124124124,0.998486071871,-0.00327725011478,0.0840956767318,0.0334351284269
1.24624624625,0.99972187427,-0.00141318495213,-0.165424605917,0.0127615848265
1.25125125125,0.999969095868,0.000471638497335,-0.0352702103952,-0.00791325927363
1.25625625626,0.999227492196,0.00234954095766,0.00471824916283,-0.0285850721968
1.26126126126,0.997497796594,0.00419286187278,0.150585943545,-0.049249516054
1.26626626627,0.994781719483,0.00597403423544,-0.104758400418,-0.0699022173526
1.27127127127,0.991081946669,0.00766565921297,-0.0722132578359,-0.0905387377268
1.27627627628,0.986402136696,0.00924058040817,-0.0543807528567,-0.111154544887
1.28128128128,0.98074691722,0.0106719575938,-0.13845702883,-0.131744983884
1.28628628629,0.974121880439,0.0119333397607,-0.158651329062,-0.152305248793
1.29129129129,0.966533577558,0.0129987373206,-0.00146390636867,-0.172830354893
1.2962962963,0.957989512315,0.0138426933062,-0.189139833511,-0.193315111459
1.3013013013,0.94849813356,0.0144403534145,-0.222442707638,-0.213754095244
1.30630630631,0.938068826896,0.014767534739,-0.434144565294,-0.23414162475
1.31131131131,0.926711905405,0.0148007930421,-0.13971871956,-0.254471735366
1.31631631632,0.914438599445,0.0145174884195,-0.407097384642,-0.274738155478
1.32132132132,0.901261045546,0.0138958492135,-0.330542790993,-0.294934283615
1.32632632633,0.887192274409,0.0129150340337,-0.123112030121,-0.315053166731
1.33133133133,0.872246198019,0.0115551917498,-0.395342784473,-0.335087479689
1.33633633634,0.856437595893,0.00979751932323,-0.391874871608,-0.355029506036
1.34134134134,0.839782100459,0.0076243173487,-0.354263432316,-0.374871120123
1.34634634635,0.822296181599,0.00501904318409,-0.55272155554,-0.394603770669
1.35135135135,0.803997130367,0.0019663615482,-0.459277750004,-0.414218465805
1.35635635636,0.784903041886,-0.0015478075264,-0.377283884427,-0.433705759679
1.36136136136,0.765032797458,-0.00553624349368,-0.42494523726,-0.453055740683
1.36636636637,0.744406045888,-0.0100103829505,-0.460123882052,-0.472258021341
1.37137137137,0.723043184062,-0.0149802802456,-0.461459756293,-0.491301729929
1.37637637638,0.700965336768,-0.0204545711326,-0.630975352835,-0.510175503856
1.38138138138,0.678194335815,-0.0264404395511,-0.663579098721,-0.528867484863
1.38638638639,0.65475269844,-0.032943587615,-0.367600123285,-0.547365316069
1.39139139139,0.630663605043,-0.0399682088794,-0.471340129299,-0.565656140898
1.3963963964,0.605950876264,-0.0475169649519,-0.750825779217,-0.583726603922
1.4014014014,0.580638949429,-0.0555909655062,-0.640698453135,-0.601562853642
1.40640640641,0.554752854384,-0.0641897517503,-0.640063712054,-0.619150547216
1.41141141141,0.528318188746,-0.0733112833931,-0.714301650134,-0.636474857163
1.41641641642,0.501361092588,-0.0829519291474,-0.732813777342,-0.653520480049
1.42142142142,0.47390822259,-0.0931064607995,-0.613628473971,-0.670271647147
1.42642642643,0.445986725685,-0.103768050868,-0.626963629025,-0.686712137091
1.43143143143,0.417624212206,-0.114928273869,-0.665602622157,-0.7028252905
1.43643643644,0.388848728591,-0.126577111192,-0.625357996336,-0.71859402657
1.44144144144,0.359688729645,-0.138702959595,-0.685256902922,-0.734000861622
1.44644644645,0.330173050401,-0.151292643302,-0.843406965197,-0.749027929573
1.45145145145,0.300330877612,-0.164331429698,-0.737738285489,-0.763657004318
1.45645645646,0.270191720884,-0.1778030486,-0.776327128716,-0.777869523981
1.46146146146,0.239785383498,-0.191689715064,-0.699747899831,-0.791646617009
1.46646646647,0.209141932938,-0.205972155707,-0.92991354694,-0.80496913006
1.47147147147,0.178291671158,-0.220629638495,-0.763522946164,-0.817817657645
1.47647647648,0.14726510462,-0.235640005944,-0.833404756049,-0.830172573474
1.48148148148,0.116092914125,-0.250979711677,-0.762473462635,-0.842014063445
1.48648648649,0.0848059244755,-0.266623860278,-0.812934931666,-0.853322160227
1.49149149149,0.0534350739931,-0.282546250369,-0.931738451328,-0.864076779367
1.4964964965,0.0220113839262,-0.298719420831,-0.844164730793,-0.874257756848
1.5015015015,-0.0094340722259,-0.315114700082,-0.954481519735,-0.883844888043
1.50650650651,-0.0408701994407,-0.331702258331,-1.13407408976,-0.892817967966
1.51151151151,-0.0722659119206,-0.348451162698,-0.941679821304,-0.901156832761
1.51651651652,-0.103590163832,-0.365329435111,-0.976584875018,-0.908841402332
1.52152152152,-0.134811980007,-0.382304112858,-0.806710503094,-0.915851724029
1.52652652653,-0.165900486569,-0.399341311684,-1.12132851363,-0.922168017308
1.53153153153,-0.196824941468,-0.416406291321,-0.995128201487,-0.927770719254
1.53653653654,-0.227554764876,-0.433463523309,-0.699491470675,-0.932640530893
1.54154154154,-0.258059569429,-0.450476761,-1.06864307362,-0.936758464167
1.54654654655,-0.288309190272,-0.467409111584,-0.864529716978,-0.940105889497
1.55155155155,-0.318273714892,-0.484223110019,-0.767868186961,-0.942664583804
1.55655655656,-0.347923512694,-0.500880794713,-0.961722626522,-0.944416778902
1.56156156156,-0.377229264303,-0.517343784812,-0.961592527331,-0.945345210139
1.56656656657,-0.406161990554,-0.533573358935,-0.930728522881,-0.945433165186
1.57157157157,-0.434693081154,-0.549530535215,-0.925309893152,-0.944664532852
1.57657657658,-0.462794322967,-0.565176152482,-1.06911546933,-0.943023851827
1.58158158158,-0.490437927916,-0.580470952421,-1.03337103364,-0.940496359217
1.58658658659,-0.517596560462,-0.595375662557,-0.875775315402,-0.937068038779
1.59159159159,-0.544243364632,-0.609851079886,-0.740630460232,-0.932725668719
1.5965965966,-0.570351990578,-0.623858154996,-0.833504786344,-0.927456868963
1.6016016016,-0.595896620634,-0.637358076513,-1.00123296042,-0.921250147748
1.60660660661,-0.620851994843,-0.650312355683,-0.76732351855,-0.914094947464
1.61161161161,-0.645193435939,-0.662682910948,-0.652454718145,-0.905981689586
1.61661661662,-0.668896873744,-0.674432152322,-0.943037675916,-0.896901818615
1.62162162162,-0.691938868978,-0.685523065405,-0.994925731181,-0.886847844901
1.62662662663,-0.714296636427,-0.695919294872,-0.834834963931,-0.875813386231
1.63163163163,-0.735948067484,-0.705585227249,-0.832486807498,-0.863793208089
1.63663663664,-0.756871752005,-0.714486072827,-0.776039325308,-0.850783262455
1.64164164164,-0.777046999482,-0.722587946528,-0.966111355834,-0.836780725057
1.64664664665,-0.796453859505,-0.729857947571,-0.725171109607,-0.821784030966
1.65165165165,-0.815073141486,-0.736264237761,-0.954047855534,-0.805792908418
1.65665665666,-0.832886433641,-0.741776118251,-0.852518564203,-0.788808410787
1.66166166166,-0.849876121191,-0.746364104602,-0.755856984977,-0.770832946592
1.66666666667,-0.866025403784,-0.75,-0.902604876447,-0.751870307457
1.67167167167,-0.88131831211,-0.752656966461,-0.818953966106,-0.73192569393
1.67667667668,-0.895739723685,-0.754309593885,-0.741313162369,-0.71100573907
1.68168168168,-0.909275377814,-0.754933966803,-0.723479775636,-0.68911852973
1.68668668669,-0.921911889685,-0.754507728678,-0.632513916109,-0.66627362545
1.69169169169,-0.933636763611,-0.753010143627,-0.795175793331,-0.642482074884
1.6966966967,-0.944438405381,-0.750422155413,-0.400633440244,-0.617756429698
1.7017017017,-0.954306133729,-0.746726443601,-0.576079509237,-0.592110755867
1.70670670671,-0.963230190894,-0.741907476726,-0.457127935693,-0.565560642319
1.71171171171,-0.97120175227,-0.735951562389,-0.586622795732,-0.538123206857
1.71671671672,-0.978212935133,-0.728846894124,-0.600145461706,-0.509817099321
1.72172172172,-0.984256806433,-0.720583594977,-0.348309818936,-0.480662501939
1.72672672673,-0.989327389653,-0.71115375765,-0.550539911845,-0.450681126829
1.73173173173,-0.993419670718,-0.700551481151,-0.453811689378,-0.419896210608
1.73673673674,-0.99652960295,-0.688772903833,-0.609895054875,-0.388332506099
1.74174174174,-0.998654111076,-0.675816232767,-0.358429049776,-0.35601627109
1.74674674675,-0.999791094264,-0.661681769345,-0.260670758268,-0.322975254143
1.75175175175,-0.9999394282,-0.646371931071,-0.41194996686,-0.289238677434
1.75675675676,-0.999098966205,-0.629891269459,-0.186492502247,-0.254837216619
1.76176176176,-0.997270539373,-0.612246483995,-0.0422435819469,-0.219802977728
1.76676676677,-0.994455955755,-0.593446432111,-0.250788916148,-0.184169471091
1.77177177177,-0.990657998569,-0.573502135141,-0.125522671648,-0.14797158231
1.77677677678,-0.985880423447,-0.552426780207,-0.138346582796,-0.111245540291
1.78178178178,-0.980127954722,-0.530235718039,-0.0895480773154,-0.0740288823656
1.78678678679,-0.973406280756,-0.506946456688,-0.251421974507,-0.0363604165251
1.79179179179,-0.965722048315,-0.482578651138,-0.0409641048135,0.00171981918558
1.7967967968,-0.957082855998,-0.457154088808,-0.000260946148316,0.0401706000853
1.8018018018,-0.94749724672,-0.43069667096,0.12792516382,0.0789495610274
1.80680680681,-0.936974699267,-0.403232390019,-0.0254235894761,0.118013245275
1.81181181181,-0.925525618922,-0.374789302832,0.231170881038,0.157317156017
1.81681681682,-0.913161327173,-0.345397499895,0.277801544491,0.196815810464
1.82182182182,-0.899894050523,-0.315089070589,0.130856296552,0.236462796451
1.82682682683,-0.885736908397,-0.283898064465,0.276886840388,0.276210831463
1.83183183183,-0.870703900165,-0.251860448638,0.155326524856,0.31601182402
1.83683683684,-0.854809891307,-0.219014061347,0.306240456664,0.355816937307
1.84184184184,-0.838070598705,-0.185398561752,0.199354987124,0.395576654981
1.84684684685,-0.820502575107,-0.151055376036,0.468259398921,0.435240849047
1.85185185185,-0.802123192755,-0.116027639907,0.301639971654,0.474758849693
1.85685685686,-0.782950626208,-0.080360137583,0.363594655582,0.514079516991
1.86186186186,-0.763003834372,-0.0440992373516,0.527269967315,0.553151314344
1.86686686687,-0.742302541746,-0.00729282382109,0.712947474401,0.591922383558
1.87187187187,-0.720867218925,0.0300097730402,0.719654893662,0.630340621434
1.87687687688,-0.698719062352,0.067757851952,0.673178342581,0.668353757739
1.88188188188,-0.675879973363,0.105899417339,0.736705033532,0.705909434439
1.88688688689,-0.652372536522,0.144381259183,0.789679236412,0.742955286053
1.89189189189,-0.628219997296,0.183149035589,0.841337041769,0.779439021008
1.8968968969,-0.603446239063,0.222147357902,0.893074787139,0.815308503839
1.9019019019,-0.5780757595,0.261319878261,0.904187925996,0.850511838108
1.90690690691,-0.552133646353,0.30060937941,1.01822068913,0.884997449888
1.91191191191,-0.525645552631,0.339957866633,0.662918466394,0.918714171681
1.91691691692,-0.498637671241,0.379306661648,0.89045965967,0.951611326602
1.92192192192,-0.471136709083,0.418596498288,1.10400227187,0.983638812699
1.92692692693,-0.443169860644,0.457767619817,1.18079969128,1.01474718725
1.93193193193,-0.414764781105,0.496759877704,1.02153219171,1.04488775088
1.93693693694,-0.385949558995,0.535512831676,1.06216217827,1.07401263137
1.94194194194,-0.356752688414,0.573965850888,1.0645975839,1.10207486696
1.94694694695,-0.327203040858,0.612058216012,1.15564748344,1.12902848902
1.95195195195,-0.297329836667,0.649729222084,0.944465921369,1.15482860399
1.95695695696,-0.267162616135,0.686918281911,1.1441239232,1.17943147428
1.96196196196,-0.236731210292,0.723565029861,1.3001383147,1.20279459818
1.96696696697,-0.206065711412,0.759609425848,1.08998145684,1.22487678846
1.97197197197,-0.175196443252,0.794991859322,1.25363563985,1.24563824958
1.97697697698,-0.144153931068,0.82965325309,1.26871131783,1.26504065343
1.98198198198,-0.112968871429,0.863535166759,1.24511835022,1.28304721323
1.98698698699,-0.0816721018632,0.896579899634,1.3131489524,1.29962275575
1.99199199199,-0.0502945703634,0.928730592876,1.25974709498,1.31473379148
1.996996997,-0.0188673047845,0.959931330726,1.35166080188,1.32834858264
2.002002002,0.0125786178387,0.990127240633,1.28944776103,1.34043720902
2.00700700701,0.0440121020224,1.01926459207,1.22024981407,1.35097163135
2.01201201201,0.0754020645824,1.0472908939,1.39230250197,1.3599257522
2.01701701702,0.106717465371,1.07415499005,1.26332321705,1.36727547421
2.02202202202,0.137927337973,1.0998071534,1.13728009098,1.37299875554
2.02702702703,0.169000820322,1.12419917765,1.4518530522,1.37707566241
2.03203203203,0.199907185225,1.14728446699,1.40251207335,1.37948841868
2.03703703704,0.230615870742,1.16901812343,1.5798331206,1.38022145231
2.04204204204,0.261096510412,1.18935703172,1.33570428577,1.37926143851
2.04704704705,0.291318963276,1.20825994142,1.39341176297,1.37659733969
2.05205205205,0.321253343684,1.22568754636,1.12153748865,1.37222044192
2.05705705706,0.350870050851,1.24160256097,1.28176011606,1.36612438788
2.06206206206,0.380139798124,1.2559697936,1.32008880546,1.35830520626
2.06706706707,0.409033641941,1.26875621651,1.40433168797,1.34876133748
2.07207207207,0.437523010457,1.27993103257,1.40561718784,1.33749365565
2.07707707708,0.465579731794,1.2894657383,1.40878454833,1.32450548676
2.08208208208,0.493176061899,1.29733418347,1.40454024743,1.30980262298
2.08708708709,0.520284711982,1.30351262675,1.38619530061,1.29339333309
2.09209209209,0.546878875494,1.30797978764,1.27940985066,1.27528836888
2.0970970971,0.572932254642,1.31071689435,1.43896444976,1.25550096766
2.1021021021,0.598419086391,1.31170772768,1.22182325215,1.23404685063
2.10710710711,0.623314167938,1.3109386607,1.14629381549,1.21094421729
2.11211211211,0.647592881637,1.30839869423,1.31268652596,1.18621373573
2.11711711712,0.671231219341,1.30407948804,1.14601385776,1.15987852884
2.12212212212,0.694205806141,1.29797538757,1.1578525066,1.13196415649
2.12712712713,0.716493923483,1.29008344638,1.0789804367,1.10249859356
2.13213213213,0.738073531632,1.28040344399,1.10281567025,1.071512204
2.13713713714,0.758923291468,1.26893789921,1.01042493253,1.03903771072
2.14214214214,0.779022585583,1.25569207903,1.08738254773,1.00511016159
2.14714714715,0.798351538674,1.24067400273,0.786288344243,0.969766891334
2.15215215215,0.816891037193,1.22389444155,0.921029886015,0.93304747961
2.15715715716,0.834622748248,1.20536691368,0.87885566754,0.894993705064
2.16216216216,0.851529137733,1.18510767457,0.831224966101,0.85564949563
2.16716716717,0.867593487668,1.16313570277,0.773158225041,0.815060875014
2.17217217217,0.882799912725,1.13947268099,0.78107567151,0.77327590548
2.17717717718,0.897133375942,1.11414297276,0.828502269501,0.730344626998
2.18218218218,0.910579703592,1.0871735944,0.677691535601,0.686318992846
2.18718718719,0.923125599194,1.05859418256,0.532657394556,0.641252801749
2.19219219219,0.934758656667,1.02843695725,0.46348185633,0.595201626653
2.1971971972,0.945467372594,0.996736680488,0.535478899754,0.548222740239
2.2022022022,0.955241157598,0.963530610608,0.702338536784,0.500375037288
2.20720720721,0.964070346816,0.928858452236,0.564553255493,0.451718954004
2.21221221221,0.971946209452,0.892762302122,0.243705089691,0.40231638442
2.21721721722,0.978860957414,0.85528659082,0.134559314233,0.352230594017
2.22222222222,0.984807753012,0.816478020362,0.142937485883,0.301526130687
2.22722722723,0.989780715724,0.77638549799,0.269693107492,0.25026873317
2.23223223223,0.993774928005,0.735060066084,0.129057308527,0.198525237113
2.23723723724,0.996786440157,0.692554828374,-0.0454689381367,0.146363478906
2.24224224224,0.998812274227,0.64892487257,0.18648846456,0.0938521974285
2.24724724725,0.999850426958,0.604227189531,-0.0314849572015,0.0410609338769
2.25225225225,0.999899871767,0.55852058911,0.041859533243,-0.0119400701707
2.25725725726,0.998960559759,0.511865612803,-0.0977720660007,-0.0650799762913
2.26226226226,0.997033419779,0.464324443362,-0.0282857069337,-0.118287454187
2.26726726727,0.99412035749,0.415960811506,-0.265881439371,-0.171490787914
2.27227227227,0.990224253491,0.3668398999,-0.190998111247,-0.224617983208
2.27727727728,0.985348960468,0.317028244541,-0.215952828904,-0.277596875712
2.28228228228,0.979499299381,0.266593633744,-0.357669913803,-0.33035523995
2.28728728729,0.972681054703,0.215605004867,-0.383018884508,-0.382820898852
2.29229229229,0.964900968695,0.164132338973,-0.443288186622,-0.434921833647
2.2972972973,0.956166734739,0.112246553583,-0.578442838805,-0.486586293958
2.3023023023,0.946486989735,0.0600193937201,-0.493987542677,-0.537742907894
2.30730730731,0.935871305554,0.00752332141737,-0.431334197962,-0.588320791965
2.31231231231,0.924330179577,-0.0451685961276,-0.649890092035,-0.638249660643
2.31731731732,0.911875024315,-0.0979827995545,-0.733777290185,-0.687459935363
2.32232232232,0.89851815612,-0.150845351314,-0.744057278512,-0.735882852797
2.32732732733,0.884272783009,-0.20368205042,-0.90052333011,-0.783450572215
2.33233233233,0.869152991602,-0.256418547785,-0.919479007184,-0.830096281737
2.33733733734,0.853173733193,-0.308980461948,-0.91928976887,-0.875754303315
2.34234234234,0.836350808966,-0.361293494992,-0.937371348141,-0.920360196241
2.34734734735,0.818700854366,-0.413283548469,-0.981313964003,-0.963850859028
2.35235235235,0.800241322654,-0.46487683912,-0.999900356734,-1.00616462947
2.35735735736,0.780990467646,-0.516000014205,-0.935710590868,-1.0472413827
2.36236236236,0.760967325662,-0.566580266252,-1.08911272543,-1.08702262714
2.36736736737,0.740191696702,-0.616545447013,-1.2368726924,-1.12545159802
2.37237237237,0.718684124869,-0.665824180462,-1.06522235197,-1.16247334857
2.37737737738,0.696465878049,-0.714345974616,-1.19904454123,-1.19803483838
2.38238238238,0.673558926887,-0.76204133201,-1.17550700472,-1.23208501911
2.38738738739,0.649985923054,-0.808841858635,-1.2542770029,-1.26457491712
2.39239239239,0.625770176852,-0.854680371151,-1.31728789996,-1.29545771315
2.3973973974,0.600935634163,-0.899491002194,-1.21904704428,-1.32468881857
2.4024024024,0.57550685277,-0.943209303613,-1.37304864987,-1.35222594841
2.40740740741,0.549508978071,-0.985772347441,-1.08488212163,-1.37802919081
2.41241241241,0.522967718216,-1.02711882446,-1.40901570331,-1.40206107282
2.41741741742,0.495909318684,-1.06718914015,-1.39489008351,-1.42428662252
2.42242242242,0.468360536333,-1.10592550792,-1.42836731044,-1.4446734272
2.42742742743,0.440348612935,-1.14327203945,-1.69381674189,-1.46319168759
2.43243243243,0.411901248244,-1.17917483187,-1.70730318267,-1.47981426806
2.43743743744,0.383046572603,-1.2135820519,-1.55659009783,-1.49451674261
2.44244244244,0.353813119126,-1.24644401653,-1.54464837646,-1.50727743663
2.44744744745,0.324229795484,-1.27771327027,-1.39692997736,-1.51807746433
2.45245245245,0.294325855319,-1.30734465879,-1.49112834847,-1.52690076176
2.45745745746,0.264130869317,-1.33529539883,-1.56603655942,-1.53373411542
2.46246246246,0.233674695964,-1.36152514432,-1.73616761025,-1.53856718626
2.46746746747,0.202987452027,-1.38599604844,-1.56346941016,-1.54139252922
2.47247247247,0.172099482764,-1.40867282179,-1.44400185369,-1.54220560808
2.47747747748,0.141041331925,-1.42952278631,-1.4680617058,-1.54100480571
2.48248248248,0.109843711543,-1.44851592494,-1.44329659436,-1.53779142965
2.48748748749,0.0785374715657,-1.46562492714,-1.56905640085,-1.532569713
2.49249249249,0.0471535693523,-1.48082522983,-1.61485073525,-1.52534681065
2.4974974975,0.015723039057,-1.49409505402,-1.60529757735,-1.51613279078
2.5025025025,-0.015723039057,-1.50541543689,-1.4482496592,-1.50494062169
2.50750750751,-0.0471535693523,-1.51477025934,-1.36412326329,-1.49178615399
2.51251251251,-0.0785374715657,-1.52214626894,-1.23756162286,-1.47668809813
2.51751751752,-0.109843711542,-1.52753309825,-1.4065913811,-1.45966799731
2.52252252252,-0.141041331925,-1.5309232785,-1.20709569038,-1.44075019581
2.52752752753,-0.172099482764,-1.53231224864,-1.38381506917,-1.41996180285
2.53253253253,-0.202987452027,-1.53169835967,-1.44152910376,-1.39733265193
2.53753753754,-0.233674695964,-1.52908287429,-1.11475318717,-1.37289525578
2.54254254254,-0.264130869317,-1.52446996198,-1.3228360275,-1.34668475698
2.54754754755,-0.294325855319,-1.5178666893,-1.22601842265,-1.31873887434
2.55255255255,-0.324229795484,-1.50928300567,-1.24841879911,-1.28909784511
2.55755755756,-0.353813119126,-1.49873172449,-1.02665146302,-1.25780436306
2.56256256256,-0.383046572603,-1.48622849977,-0.963245204184,-1.22490351269
2.56756756757,-0.411901248244,-1.47179179815,-1.20579269164,-1.19044269949
2.57257257257,-0.440348612935,-1.45544286663,-1.11656221604,-1.15447157648
2.57757757758,-0.468360536333,-1.43720569574,-1.0673298245,-1.11704196711
2.58258258258,-0.495909318684,-1.41710697847,-1.12549761148,-1.0782077847
2.58758758759,-0.522967718216,-1.39517606502,-1.16001216658,-1.0380249484
2.59259259259,-0.549508978071,-1.37144491325,-0.949384187614,-0.996551296078
2.5975975976,-0.57550685277,-1.34594803522,-0.98117020983,-0.953846493998
2.6026026026,-0.600935634163,-1.31872243961,-1.09148509583,-0.909971943603
2.60760760761,-0.625770176852,-1.28980757041,-1.00936661088,-0.864990685534
2.61261261261,-0.649985923054,-1.25924524179,-0.806831463344,-0.818967301019
2.61761761762,-0.673558926887,-1.22707956934,-0.863061077424,-0.771967810803
2.62262262262,-0.696465878049,-1.19335689782,-0.817159908275,-0.72405957181
2.62762762763,-0.718684124869,-1.15812572553,-0.526621514837,-0.675311171682
2.63263263263,-0.740191696702,-1.12143662539,-0.561452032566,-0.62579232139
2.63763763764,-0.760967325662,-1.08334216302,-0.707266373103,-0.575573746098
2.64264264264,-0.780990467646,-1.04389681169,-0.473643263005,-0.524727074456
2.64764764765,-0.800241322654,-1.00315686468,-0.38558683426,-0.473324726506
2.65265265265,-0.818700854366,-0.961180344773,-0.332024436683,-0.421439800403
2.65765765766,-0.836350808966,-0.91802691137,-0.354228501869,-0.369145958136
2.66266266266,-0.853173733193,-0.873757765266,-0.370700882954,-0.316517310428
2.66766766767,-0.869152991602,-0.828435551212,-0.176668524778,-0.263628301039
2.67267267267,-0.884272783009,-0.78212425851,-0.216998135176,-0.210553590635
2.67767767768,-0.89851815612,-0.734889119768,-0.267124288977,-0.157367940438
2.68268268268,-0.911875024315,-0.686796508007,-0.114735329576,-0.104146095856
2.68768768769,-0.924330179577,-0.637913832292,0.0707183520977,-0.0509626702708
2.69269269269,-0.935871305554,-0.588309432067,-0.128883987944,0.0021079708009
2.6976976977,-0.946486989735,-0.538052470374,0.0655852522552,0.0549918249894
2.7027027027,-0.956166734739,-0.48721282614,0.208961768799,0.107615367598
2.70770770771,-0.964900968695,-0.435860985712,0.0749740788782,0.159905665182
2.71271271271,-0.972681054703,-0.38406793383,0.286680277787,0.211790487989
2.71771771772,-0.979499299381,-0.331905044213,0.360388656271,0.263198421069
2.72272272272,-0.985348960468,-0.279443969953,0.237381133937,0.314058973876
2.72772772773,-0.990224253491,-0.226756533892,0.461296733667,0.364302688164
2.73273273273,-0.99412035749,-0.173914619171,0.215238390863,0.413861244008
2.73773773774,-0.997033419779,-0.120990060127,0.459432793814,0.462667563769
2.74274274274,-0.998960559759,-0.0680545337316,0.525816094513,0.510655913823
2.74774774775,-0.999899871767,-0.0151794517333,0.53869626311,0.557762003898
2.75275275275,-0.999850426958,0.037564146303,0.755029725042,0.603923083839
2.75775775776,-0.998812274227,0.090105698894,0.506746897122,0.649078037647
2.76276276276,-0.996786440157,0.142375227296,0.727210862369,0.693167474638
2.76776776777,-0.993774928005,0.194303438756,0.807319678927,0.736133817571
2.77277277277,-0.989780715724,0.245821828185,0.863652301929,0.777921387588
2.77777777778,-0.984807753012,0.296862778091,0.820273666792,0.818476485847
2.78278278278,-0.978860957414,0.347359656622,0.671089936347,0.857747471698
2.78778778779,-0.971946209452,0.397246913543,0.993513685939,0.895684837278
2.79279279279,-0.964070346816,0.446460174016,0.927676328248,0.932241278413
2.7977977978,-0.955241157598,0.49493633002,0.864416269959,0.967371761694
2.8028028028,-0.945467372594,0.542613629285,0.808371642909,1.00103358764
2.80780780781,-0.934758656667,0.589431761585,1.08800371703,1.03318644985
2.81281281281,-0.923125599194,0.635331942272,1.30820762517,1.06379248999
2.81781781782,-0.910579703592,0.680256992914,1.25588503634,1.09281634864
2.82282282282,-0.897133375942,0.724151418929,1.18899646761,1.12022521184
2.82782782783,-0.882799912725,0.766961484083,1.258242575,1.14598885326
2.83283283283,-0.867593487668,0.808635281762,1.1449757311,1.17007967195
2.83783783784,-0.851529137733,0.84912280289,1.28864163242,1.1924727257
2.84284284284,-0.834622748248,0.888376000429,1.18625171803,1.21314575979
2.84784784785,-0.816891037193,0.926348850341,1.40938400845,1.2320792312
2.85285285285,-0.798351538674,0.962997408945,1.26047091086,1.24925632829
2.85785785786,-0.779022585583,0.998279866589,1.03480246313,1.26466298583
2.86286286286,-0.758923291468,1.03215659756,1.37345281939,1.27828789537
2.86786786787,-0.738073531632,1.0645902062,1.40264438979,1.29012251104
2.87287287287,-0.716493923483,1.09554556909,1.40885737788,1.30016105071
2.87787787788,-0.694205806141,1.12498987341,1.34758963974,1.30840049245
2.88288288288,-0.671231219341,1.15289265121,1.37873445735,1.31484056654
2.88788788789,-0.647592881637,1.17922580979,1.25839857444,1.31948374274
2.89289289289,-0.623314167938,1.203963658,1.232094765,1.32233521313
2.8978978979,-0.598419086391,1.22708292852,1.3382695522,1.32340287042
2.9029029029,-0.572932254642,1.24856279605,1.28781043262,1.32269728176
2.90790790791,-0.546878875494,1.26838489147,1.25982876058,1.32023165826
2.91291291291,-0.520284711982,1.2865333119,1.30419292895,1.31602182007
2.91791791792,-0.493176061899,1.30299462681,1.3292882917,1.31008615731
2.92292292292,-0.465579731794,1.31775787991,1.16390450484,1.30244558675
2.92792792793,-0.437523010457,1.33081458725,1.38714791434,1.29312350446
2.93293293293,-0.409033641941,1.34215873114,1.21348950079,1.28214573441
2.93793793794,-0.380139798124,1.35178675027,1.16809545846,1.26954047327
2.94294294294,-0.350870050851,1.35969752585,1.31116316961,1.25533823136
2.94794794795,-0.321253343684,1.36589236394,1.2440057069,1.23957176992
2.95295295295,-0.291318963276,1.37037497395,1.09341054389,1.22227603497
2.95795795796,-0.261096510412,1.37315144348,1.22827232034,1.20348808755
2.96296296296,-0.230615870742,1.37423020943,1.07444145118,1.1832470309
2.96796796797,-0.199907185225,1.37362202557,0.989034595391,1.1615939343
2.97297297297,-0.169000820322,1.3713399266,1.16987073946,1.13857175408
2.97797797798,-0.137927337973,1.36739918881,1.22809145342,1.11422525163
2.98298298298,-0.106717465371,1.36181728742,1.08190348166,1.08860090886
2.98798798799,-0.0754020645824,1.35461385067,1.02624585328,1.06174684103
2.99299299299,-0.0440121020224,1.34581061085,0.937401167748,1.03371270722
2.997997998,-0.0125786178387,1.33543135229,1.08833851988,1.00454961861
3.003003003,0.0188673047845,1.32350185648,0.955821604865,0.974310044747
3.00800800801,0.0502945703634,1.31004984438,0.93471995878,0.943047717917
3.01301301301,0.0816721018632,1.29510491612,0.938732664346,0.910817535823
3.01801801802,0.112968871429,1.27869848815,0.92929790227,0.877675462788
3.02302302302,0.144153931068,1.26086372801,0.792081368748,0.843678429614
3.02802802803,0.175196443252,1.24163548685,0.846377075351,0.8088842323
3.03303303303,0.206065711412,1.22105022979,0.81099708208,0.77335142981
3.03803803804,0.236731210292,1.19914596431,0.905832451526,0.737139241057
3.04304304304,0.267162616135,1.1759621668,0.665885932127,0.700307441313
3.04804804805,0.297329836667,1.15153970746,0.697261131173,0.662916258215
3.05305305305,0.327203040858,1.12592077355,0.643227385342,0.625026267567
3.05805805806,0.356752688414,1.09914879129,0.61531920122,0.58669828911
3.06306306306,0.385949558995,1.07126834657,0.673253889858,0.547993282466
3.06806806807,0.414764781105,1.04232510439,0.396232410007,0.50897224343
3.07307307307,0.443169860644,1.01236572756,0.458299826457,0.469696100792
3.07807807808,0.471136709083,0.981437794426,0.604910781012,0.430225613886
3.08308308308,0.498637671241,0.949589716028,0.425424449199,0.390621271034
3.08808808809,0.525645552631,0.916870652782,0.384000467895,0.350943189073
3.09309309309,0.552133646353,0.883330430772,0.336872975132,0.311251014133
3.0980980981,0.5780757595,0.849019457889,0.367131365525,0.271603823854
3.1031031031,0.603446239063,0.813988639919,0.107518409515,0.232060031201
3.10810810811,0.628219997296,0.778289296744,0.276047952357,0.19267729004
3.11311311311,0.652372536522,0.741973078807,0.189816466319,0.153512402662
3.11811811812,0.675879973363,0.705091883984,-0.00439228811846,0.114621229384
3.12312312312,0.698719062352,0.667697775012,-0.00411763844401,0.0760586004085
3.12812812813,0.720867218925,0.629842897602,-0.0331002409647,0.0378782300705
3.13313313313,0.742302541746,0.591579399402,0.0264082858601,0.000132633636716
3.13813813814,0.763003834372,0.552959349919,0.208566194481,-0.037126953217
3.14314314314,0.782950626208,0.514034661559,-0.19076557335,-0.0738506521076
3.14814814815,0.802123192755,0.4748570119,-0.186709392324,-0.109990016699
3.15315315315,0.820502575107,0.435477767333,-0.119549220615,-0.145498104387
3.15815815816,0.838070598705,0.395947908189,-0.196330917398,-0.180329544787
3.16316316316,0.854809891307,0.356317955487,-0.101605430779,-0.214440604938
3.16816816817,0.870703900165,0.316637899394,-0.163118353335,-0.247789251082
3.17317317317,0.885736908397,0.276957129535,-0.410325538866,-0.280335206961
3.17817817818,0.899894050523,0.237324367243,-0.387124854497,-0.312040008502
3.18318318318,0.913161327173,0.197787599854,-0.416921323056,-0.342867054844
3.18818818819,0.925525618922,0.158394017159,-0.346195703543,-0.372781655595
3.19319319319,0.936974699267,0.11918995008,-0.384425605276,-0.401751074276
3.1981981982,0.94749724672,0.0802208116804,-0.308915791175,-0.429744567873
3.2032032032,0.957082855998,0.0415310405819,-0.468762071159,-0.456733422456
3.20820820821,0.965722048315,0.00316404686664,-0.444606598844,-0.482690984804
3.21321321321,0.973406280756,-0.0348378394654,-0.423758961705,-0.50759269001
3.21821821822,0.980127954722,-0.0724334174162,-0.491389958053,-0.531416085024
3.22322322322,0.985880423447,-0.109582661228,-0.595655099912,-0.554140848116
3.22822822823,0.990657998569,-0.146246763882,-0.694139633075,-0.575748804242
3.23323323323,0.994455955755,-0.182388177821,-0.748147305259,-0.596223936302
3.23823823824,0.997270539373,-0.217970652833,-0.615382750243,-0.615552392298
3.24324324324,0.999098966205,-0.252959271082,-0.657643502097,-0.633722488382
3.24824824825,0.9999394282,-0.287320479237,-0.601289344578,-0.650724707833
3.25325325325,0.999791094264,-0.321022117688,-0.724930963465,-0.666551695962
3.25825825826,0.998654111076,-0.354033446824,-0.698929796236,-0.681198250994
3.26326326326,0.99652960295,-0.386325170358,-0.719858734396,-0.694661310956
3.26826826827,0.993419670718,-0.417869455701,-0.682165662875,-0.706939936614
3.27327327327,0.989327389653,-0.448639951376,-0.688644130228,-0.718035290522
3.27827827828,0.984256806433,-0.478611801487,-0.593049449764,-0.727950612232
3.28328328328,0.978212935133,-0.507761657238,-0.815821377735,-0.736691189741
3.28828828829,0.97120175227,-0.536067685543,-0.750189028734,-0.744264327243
3.29329329329,0.963230190894,-0.563509574726,-0.806381571308,-0.750679309275
3.2982982983,0.954306133729,-0.590068537353,-0.749549934633,-0.755947361327
3.3033033033,0.944438405381,-0.615727310231,-0.834646245182,-0.760081607039
3.30830830831,0.933636763611,-0.640470151601,-0.51264002578,-0.763097022057
3.31331331331,0.921911889685,-0.66428283559,-0.767183773266,-0.765010384672
3.31831831832,0.909275377814,-0.687152643945,-0.827133246102,-0.765840223347
3.32332332332,0.895739723685,-0.709068355136,-0.802104835209,-0.765606761251
3.32832832833,0.88131831211,-0.730020230854,-0.690502251315,-0.76433185793
3.33333333333,0.866025403784,-0.75,-0.703231629568,-0.762038948227
3.33833833834,0.849876121191,-0.769000840209,-0.758013957853,-0.758752978609
3.34334334334,0.832886433641,-0.787017357,-0.886935442172,-0.754500341014
3.34834834835,0.815073141486,-0.804045560618,-0.657890140031,-0.749308804375
3.35335335335,0.796453859505,-0.820082840659,-0.863657441532,-0.743207443965
3.35835835836,0.777046999482,-0.835127938553,-0.79193267637,-0.73622656871
3.36336336336,0.756871752005,-0.84918091801,-0.856501469097,-0.72839764663
3.36836836837,0.735948067484,-0.862243133496,-0.871107582488,-0.719753228549
3.37337337337,0.714296636427,-0.874317196872,-0.693473679684,-0.710326870259
3.37837837838,0.691938868978,-0.885406942251,-0.843386342816,-0.700153053272
3.38338338338,0.668896873744,-0.895517389208,-0.838590263074,-0.689267104348
3.38838838839,0.645193435939,-0.904654704439,-0.626329636556,-0.677705113948
3.39339339339,0.620851994843,-0.912826161957,-0.468471214904,-0.665503853789
3.3983983984,0.595896620634,-0.920040101963,-0.685767054284,-0.652700693669
3.4034034034,0.570351990578,-0.926305888471,-0.850356857466,-0.639333517725
3.40840840841,0.544243364632,-0.931633865828,-0.56677075108,-0.625440640302
3.41341341341,0.517596560462,-0.936035314214,-0.564430141536,-0.611060721605
3.41841841842,0.490437927916,-0.939522404256,-0.558456309195,-0.596232683289
3.42342342342,0.462794322967,-0.942108150859,-0.541063920993,-0.58099562418
3.42842842843,0.434693081154,-0.943806366377,-0.577873511685,-0.565388736277
3.43343343343,0.406161990554,-0.944631613225,-0.625257137083,-0.549451221209
3.43843843844,0.377229264303,-0.944599156071,-0.599408237951,-0.533222207323
3.44344344344,0.347923512694,-0.943724913693,-0.477768297966,-0.516740667549
3.44844844845,0.318273714892,-0.942025410641,-0.47804689259,-0.500045338221
3.45345345345,0.288309190272,-0.939517728807,-0.466513958259,-0.483174639013
3.45845845846,0.258059569429,-0.936219459005,-0.391332792653,-0.466166594132
3.46346346346,0.227554764876,-0.932148652699,-0.41892353344,-0.449058754942
3.46846846847,0.196824941468,-0.927323773961,-0.597581090068,-0.431888124165
3.47347347347,0.165900486569,-0.921763651783,-0.54114211215,-0.414691081794
3.47847847848,0.134811980007,-0.91548743285,-0.370759795954,-0.397503312881
3.48348348348,0.103590163832,-0.908514534861,-0.251588378743,-0.380359737327
3.48848848849,0.0722659119206,-0.90086460053,-0.505044354717,-0.363294441813
3.49349349349,0.0408701994407,-0.892557452331,-0.45471993,-0.346340614005
3.4984984985,0.0094340722259,-0.883613048114,-0.230091550268,-0.32953047915
3.5035035035,-0.0220113839262,-0.874051437666,-0.40615719064,-0.312895239199
3.50850850851,-0.0534350739931,-0.863892720311,-0.420194584082,-0.296465014555
3.51351351351,-0.0848059244755,-0.853157003646,-0.29828365375,-0.280268788565
3.51851851852,-0.116092914125,-0.841864363484,-0.350268003168,-0.264334354862
3.52352352352,-0.14726510462,-0.830034805086,-0.201759212694,-0.248688267648
3.52852852853,-0.178291671158,-0.817688225765,-0.359455108508,-0.233355795006
3.53353353353,-0.209141932938,-0.804844378929,-0.177949192927,-0.218360875344
3.53853853854,-0.239785383498,-0.791522839626,-0.131744112144,-0.203726077028
3.54354354354,-0.270191720884,-0.77774297166,-0.147781583085,-0.189472561287
3.54854854855,-0.300330877612,-0.763523896344,-0.0886251823135,-0.175620048458
3.55355355355,-0.330173050401,-0.748884462925,-0.182168577621,-0.162186787619
3.55855855856,-0.359688729645,-0.73384322075,-0.139260886798,-0.149189529666
3.56356356356,-0.388848728591,-0.71841839321,-0.302498380157,-0.136643503887
3.56856856857,-0.417624212206,-0.702627853498,-0.168646770276,-0.124562398045
3.57357357357,-0.445986725685,-0.68648910223,-0.313608869786,-0.112958342036
3.57857857858,-0.47390822259,-0.670019246948,-0.0942035622119,-0.101841895104
3.58358358358,-0.501361092588,-0.653234983527,-0.159601217539,-0.0912220366574
3.58858858859,-0.528318188746,-0.636152579531,0.0316440937598,-0.0811061606867
3.59359359359,-0.554752854384,-0.618787859497,-0.0493413411558,-0.0715000737713
3.5985985986,-0.580638949429,-0.601156192195,-0.124069278527,-0.0624079966853
3.6036036036,-0.605950876264,-0.583272479842,-0.0280936401642,-0.0538325695773
3.60860860861,-0.630663605043,-0.565151149286,-0.0533087167312,-0.0457748607043
3.61361361361,-0.65475269844,-0.546806145151,0.0859035007552,-0.038234378692
3.61861861862,-0.678194335815,-0.528250924931,0.0198628126077,-0.0312090882837
3.62362362362,-0.700965336768,-0.509498456024,-0.00686050930123,-0.024695429534
3.62862862863,-0.723043184062,-0.490561214691,-0.149359933412,-0.0186883403978
3.63363363363,-0.744406045888,-0.471451186895,-0.0282670941257,-0.0131812826573
3.63863863864,-0.765032797458,-0.452179871027,0.0407720575654,-0.00816627112035
3.64364364364,-0.784903041886,-0.432758282448,-0.232015352391,-0.0036339060232
3.64864864865,-0.803997130367,-0.413196959838,0.200441283943,0.000426591443503
3.65365365365,-0.822296181599,-0.393505973299,0.113307383914,0.0040273405667
3.65865865866,-0.839782100459,-0.373694934158,0.0765261543084,0.0071817595917
3.66366366366,-0.856437595893,-0.353773006435,0.172095892116,0.0099045213475
3.66866866867,-0.872246198019,-0.333748919912,-0.0144179324913,0.0122115061181
3.67367367367,-0.887192274409,-0.313630984745,-0.194332164682,0.0141197518673
3.67867867868,-0.901261045546,-0.293427107558,0.145049915605,0.0156474019286
3.68368368368,-0.914438599445,-0.273144808954,-0.175675042972,0.0168136502794
3.68868868869,-0.926711905405,-0.252791242369,0.105500133769,0.0176386845207
3.69369369369,-0.938068826896,-0.232373214207,-0.0860945636768,0.0181436266893
3.6986986987,-0.94849813356,-0.211897205167,0.0204233763296,0.0183504720354
3.7037037037,-0.957989512315,-0.191369392689,-0.0530588859777,0.0182820259
3.70870870871,-0.966533577558,-0.170795674444,0.0894365226536,0.0179618388316
3.71371371371,-0.974121880439,-0.15018169277,0.0716693084153,0.0174141400862
3.71871871872,-0.98074691722,-0.129532859985,-0.0920634738241,0.0166637696552
3.72372372372,-0.986402136696,-0.108854384472,-0.126404773249,0.0157361089721
3.72872872873,-0.991081946669,-0.0881512974596,0.0221861141905,0.0146570104484
3.73373373373,-0.994781719483,-0.0674284803916,0.144381684097,0.0134527259939
3.73873873874,-0.997497796594,-0.0466906928125,0.07067600929,0.0121498346776
3.74374374374,-0.999227492196,-0.0259426006537,0.108831140272,0.0107751696859
3.74874874875,-0.999969095868,-0.0051888048382,0.0478850324619,0.00935574473929
3.75375375375,-0.99972187427,0.0155661298977,0.0633206467023,0.00791868012655
3.75875875876,-0.998486071871,0.0363176460612,-0.0434611425826,0.0064911285187
3.76376376376,-0.996262910699,0.0570611644351,0.0698207390415,0.00510020072339
3.76876876877,-0.99305458914,0.0777920551837,-0.0505284736274,0.00377289154218
3.77377377377,-0.988864279763,0.0985056091272,-0.1158300587,0.00253600589195
3.77877877878,-0.98369612618,0.119197009284,0.0243667458113,0.00141608535149
3.78378378378,-0.977555238948,0.139861302773,-0.0207799853946,0.000439335293411
3.78878878879,-0.97044769052,0.160493373176,0.0395047826906,-0.000368447239822
3.79379379379,-0.962380509237,0.181087913449,-0.143622250808,-0.000981944758073
3.7987987988,-0.953361672377,0.201639399478,-0.0152017843111,-0.00137638948863
3.8038038038,-0.943400098272,0.22214206437,-0.0977272728976,-0.00152763233052
3.80880880881,-0.93250563748,0.242589873566,0.0978195657413,-0.00141221044726
3.81381381381,-0.920689063053,0.262976500869,0.0619612240837,-0.00100741334962
3.81881881882,-0.90796205988,0.283295305468,-0.127282796049,-0.000291347323361
3.82382382382,-0.894337213131,0.303539310034,-0.014555255017,0.000757001939915
3.82882882883,-0.879827995816,0.323701179986,-0.122812875321,0.00215770864703
3.83383383383,-0.86444875546,0.343773203985,0.100625617551,0.00392984827683
3.83883883884,-0.848214699913,0.363747275744,0.205113201179,0.0060914411532
3.84384384384,-0.831141882316,0.383614877214,0.0101785808573,0.00865939834321
3.84884884885,-0.813247185224,0.403367063226,-0.00720075089615,0.0116494700011
3.85385385385,-0.794548303912,0.42299444764,-0.0273185855877,0.0150761962743
3.85885885886,-0.77506372888,0.442487191073,-0.0300277392917,0.018952860882
3.86386386386,-0.754812727561,0.461834990255,-0.094276715361,0.0232914474722
3.86886886887,-0.733815325277,0.481027069068,0.0325096882901,0.0281025988556
3.87387387387,-0.712092285431,0.50005217132,0.0997020705304,0.0333955792123
3.87887887888,-0.689665088978,0.518898555287,0.085727389883,0.0391782393569
3.88388388388,-0.666555913182,0.537553990081,0.0870871821836,0.0454569851453
3.88888888889,-0.642787609687,0.556005753861,-0.00251499662769,0.0522367490978
3.89389389389,-0.618383681916,0.574240633931,0.12277369293,0.0595209653071
3.8988988989,-0.593368261838,0.59224492874,0.0229387470657,0.0673115476933
3.9039039039,-0.567766086095,0.610004451818,0.0657362099341,0.0756088716616
3.90890890891,-0.541602471548,0.627504537652,0.159712649791,0.0844117592099
3.91391391391,-0.514903290241,0.644730049525,-0.0127395318412,0.0937174675291
3.91891891892,-0.487694943814,0.661665389312,0.358112887811,0.103521681129
3.92392392392,-0.460004337399,0.678294509246,0.110699011717,0.113818507515
3.92892892893,-0.431858853013,0.694600925647,0.135949984994,0.124600476443
3.93393393393,-0.403286322484,0.710567734605,-0.0374324511451,0.135858542753
3.93893893894,-0.374314999924,0.726177629597,0.0279900886539,0.147582092795
3.94394394394,-0.344973533795,0.741412921038,0.216524806315,0.159758954442
3.94894894895,-0.315290938576,0.75625555772,0.387103438222,0.172375410685
3.95395395395,-0.285296566074,0.770687150132,0.144812344066,0.185416216781
3.95895895896,-0.2550200764,0.784688995605,0.159180684929,0.198864620943
3.96396396396,-0.224491408638,0.798242105273,0.0305131668762,0.212702388535
3.96896896897,-0.193740751237,0.811327232773,0.196314920984,0.226909829727
3.97397397397,-0.162798512165,0.823924904669,0.146183211438,0.241465830579
3.97897897898,-0.131695288836,0.836015452524,0.3901078676,0.25634788748
3.98398398398,-0.100461837852,0.847579046575,0.319256068806,0.271532144906
3.98898898899,-0.0691290445948,0.858595730948,0.399218267115,0.286993436404
3.99399399399,-0.0377278926787,0.869045460345,0.30880541174,0.302705328754
3.998998999,-0.00628943331607,0.878908138133,0.204557774401,0.318640169205
4.004004004,0.0251552453894,0.888163655766,0.262510040413,0.33476913572
4.00900900901,0.0565750491838,0.896791933457,0.196310798439,0.351062290114
4.01401401401,0.0879389084111,0.904772962022,0.407535621723,0.367488634007
4.01901901902,0.119215808736,0.912086845807,0.222297596841,0.384016167473
4.02402402402,0.150374821814,0.918713846614,0.468227497213,0.400611950281
4.02902902903,0.181385135873,0.92463442853,0.56262533012,0.417242165601
4.03403403403,0.212216086183,0.929829303568,0.269673831363,0.433872186075
4.03903903904,0.242837185379,0.93427947802,0.325849317463,0.450466642095
4.04404404404,0.273218153608,0.937966299417,0.377701162335,0.466989492185
4.04904904905,0.303328948475,0.940871504007,0.27731735042,0.483404095336
4.05405405405,0.333139794742,0.942977264628,0.572128533868,0.49967328515
4.05905905906,0.362621213782,0.944266238881,0.422740110316,0.515759445663
4.06406406406,0.39174405272,0.94472161749,0.467762173162,0.531624588684
4.06906906907,0.420479513269,0.944327172739,0.781187355264,0.547230432504
4.07407407407,0.4487991802,0.943067306874,0.545458544921,0.562538481819
4.07907907908,0.476675049446,0.940927100353,0.597011673331,0.577510108714
4.08408408408,0.504079555791,0.937892359838,0.64907149502,0.592106634532
4.08908908909,0.530985600129,0.933949665811,0.635366771543,0.606289412492
4.09409409409,0.557366576262,0.929086419688,0.609496097942,0.620019910853
4.0990990991,0.583196397206,0.923290890342,0.527474753827,0.633259796502
4.1041041041,0.608449520994,0.916552259889,0.701508630478,0.645971018755
4.10910910911,0.633100975927,0.908860668647,0.501509390107,0.658115893236
4.11411411411,0.657126385269,0.90020725914,0.588603844716,0.669657185642
4.11911911912,0.680501991355,0.89058421904,0.699280030902,0.680558195241
4.12412412412,0.703204679081,0.87998482293,0.837453520479,0.690782837915
4.12912912913,0.72521199876,0.86840347279,0.554136748473,0.700295728597
4.13413413413,0.746502188328,0.855835737075,0.713843884304,0.70906226292
4.13913913914,0.767054194856,0.842278388302,0.719671620308,0.717048697917
4.14414414414,0.786847695372,0.827729439024,0.661711418199,0.724222231598
4.14914914915,0.805863116958,0.812188176093,0.950889107708,0.730551081252
4.15415415415,0.824081656103,0.795655193122,0.714282108692,0.736004560299
4.15915915916,0.8414852973,0.778132421028,0.693155728906,0.740553153536
4.16416416416,0.858056830856,0.759623156582,0.985407358614,0.744168590615
4.16916916917,0.873779869913,0.740132088868,0.723817392748,0.746823917613
4.17417417417,0.888638866652,0.719665323556,0.913724669725,0.74849356652
4.17917917918,0.902619127669,0.698230404918,0.599951724546,0.74915342251
4.18418418418,0.9157068285,0.675836335501,0.746058559102,0.748780888855
4.18918918919,0.927889027297,0.652493593379,0.669550692769,0.747354949327
4.19419419419,0.93915367762,0.628214146916,0.869687394742,0.744856227963
4.1991991992,0.949489640355,0.603011466977,0.847980663876,0.741267046065
4.2042042042,0.958886694725,0.576900536514,0.779383288237,0.736571476292
4.20920920921,0.967335548397,0.549897857478,0.745682433353,0.730755393745
4.21421421421,0.974827846675,0.522021455006,0.574536837595,0.72380652391
4.21921921922,0.981356180754,0.493290878831,0.710921003925,0.715714487363
4.22422422422,0.986914095053,0.463727201865,0.482891680116,0.706470841128
4.22922922923,0.991496093597,0.433353015943,0.506133196599,0.696069116582
4.23423423423,0.99509764545,0.402192424668,0.827916853547,0.684504853835
4.23923923924,0.997715189196,0.370271033352,0.836674075999,0.671775632479
4.24424424424,0.999346136462,0.33761593602,0.616796564887,0.657881098643
4.24924924925,0.999988874476,0.30425569947,0.711667099936,0.642822988272
4.25425425425,0.999642767662,0.270220344384,0.338166284538,0.626605146576
4.25925925926,0.998308158271,0.235541323473,0.652885169849,0.609233543579
4.26426426426,0.995986366039,0.200251496676,0.441510008817,0.59071628573
4.26926926927,0.992679686884,0.16438510341,0.479963890665,0.571063623531
4.27427427427,0.988391390633,0.127977731898,0.594354546703,0.550287955135
4.27927927928,0.983125717796,0.091066285583,0.635564771552,0.528403825906
4.28428428428,0.976887875361,0.0536889466663,0.477863265829,0.505427923902
4.28928928929,0.969684031658,0.0158851368007,0.538864128103,0.48137907129
4.29429429429,0.961521310247,-0.0223045250257,0.379508905514,0.456278211662
4.2992992993,0.952407782884,-0.0608382673653,0.364919983134,0.43014839328
4.3043043043,0.942352461534,-0.0996732138967,0.363014845143,0.403014748245
4.30930930931,0.93136528946,-0.138765433664,0.406690810688,0.374904467624
4.31431431431,0.91945713139,-0.178069993905,0.247862100825,0.345846772537
4.31931931932,0.906639762777,-0.217541015401,0.299502443513,0.315872881268
4.32432432432,0.89292585815,-0.257131730276,0.129489756762,0.285015972422
4.32932932933,0.878328978583,-0.296794542159,0.377594704838,0.253311144184
4.33433433433,0.862863558286,-0.336481088634,0.363425371504,0.220795369734
4.33933933934,0.84654489033,-0.37614230588,0.311763621081,0.187507448891
4.34434434434,0.829389111525,-0.415728495407,0.233498686399,0.153487956047
4.34934934935,0.811413186463,-0.455189392794,0.0138584449909,0.118779184481
4.35435435435,0.792634890742,-0.494474238314,-0.0440211827704,0.0834250871257
4.35935935936,0.773072793389,-0.533531849344,0.0622247330588,0.0474712138959
4.36436436436,0.752746238498,-0.572310694446,0.0833843596112,0.0109646456674
4.36936936937,0.731675326102,-0.610758968994,0.00239098078678,-0.0260460749837
4.37437437437,0.709880892294,-0.648824672236,0.0242365163809,-0.0635110161672
4.37937937938,0.687384488629,-0.686455685651,0.0112679836323,-0.101378932073
4.38438438438,0.664208360806,-0.723599852486,-0.174910039161,-0.139597341248
4.38938938939,0.640375426673,-0.760205058332,-0.0672407982357,-0.178112607621
4.39439439439,0.615909253567,-0.796219312601,-0.249117645958,-0.216870024146
4.3993993994,0.590834035006,-0.831590830773,-0.424273279508,-0.255813898913
4.4044044044,0.565174566765,-0.866268117265,-0.425195197796,-0.294887643592
4.40940940941,0.53895622236,-0.900200048781,-0.530512124941,-0.334033864044
4.41441441441,0.512204927953,-0.933335958,-0.426215383661,-0.373194452953
4.41941941942,0.484947136717,-0.965625717442,-0.612373053821,-0.412310684312
4.42442442442,0.457209802679,-0.997019823384,-0.579139734844,-0.451323309608
4.42942942943,0.429020354062,-1.02746947965,-0.453070214328,-0.490172655525
4.43443443443,0.400406666168,-1.05692668116,-0.48141205391,-0.528798723006
4.43943943944,0.371397033808,-1.08534429702,-0.573435164883,-0.567141287489
4.44444444444,0.342020143326,-1.11267615309,-0.468990150121,-0.60514000015
4.44944944945,0.312305044231,-1.1388771138,-0.826976610618,-0.642734489965
4.45445445445,0.282281120474,-1.16390316312,-0.671923480885,-0.679864466413
4.45945945946,0.251978061385,-1.18771148445,-0.545710169072,-0.71646982264
4.46446446446,0.221425832322,-1.21026053938,-0.841962498579,-0.752490738892
4.46946946947,0.190654645033,-1.23151014514,-0.674164750041,-0.787867786038
4.47447447447,0.159694927788,-1.25142155049,-0.783440048054,-0.822542028993
4.47947947948,0.128577295282,-1.26995751006,-0.691180021881,-0.856455129856
4.48448448448,0.0973325183683,-1.28708235688,-0.633381703494,-0.889549450577
4.48948948949,0.0659914936266,-1.30276207306,-1.00752482192,-0.921768154962
4.49449449449,0.0345852128118,-1.31696435828,-0.946049626447,-0.953055309837
4.4994994995,0.00314473220774,-1.32965869625,-1.04237470211,-0.98335598518
4.5045045045,-0.0282988580831,-1.34081641872,-1.08346908357,-1.01261635304
4.50950950951,-0.0597144648832,-1.35041076709,-1.0585276146,-1.04078378508
4.51451451451,-0.0910710226866,-1.35841695141,-0.990563915821,-1.06780694851
4.51951951952,-0.122337524378,-1.3648122067,-1.14524510338,-1.0936359003
4.52452452452,-0.153483051896,-1.36957584637,-1.12375420117,-1.11822217945
4.52952952953,-0.184476806803,-1.37268931276,-1.19896494311,-1.14151889721
4.53453453453,-0.215288140745,-1.37413622457,-1.28539759918,-1.16348082493
4.53953953954,-0.245886585754,-1.37390242119,-1.15258047567,-1.18406447963
4.54454454454,-0.276241884379,-1.37197600367,-1.28128708642,-1.20322820683
4.54954954955,-0.306324019607,-1.36834737239,-1.34415716727,-1.22093226075
4.55455455455,-0.336103244542,-1.36300926129,-1.28147829725,-1.23713888154
4.55955955956,-0.365550111825,-1.35595676848,-1.1503738294,-1.25181236954
4.56456456456,-0.394635502749,-1.34718738328,-1.34258701246,-1.26491915626
4.56956956957,-0.423330656057,-1.33670100964,-1.25588330725,-1.27642787211
4.57457457457,-0.451607196377,-1.32449998561,-1.29747766308,-1.28630941069
4.57957957958,-0.479437162289,-1.31058909923,-1.20484650593,-1.29453698943
4.58458458458,-0.506793033968,-1.2949756003,-1.36375194008,-1.30108620659
4.58958958959,-0.533647760402,-1.27766920845,-1.14001522618,-1.30593509447
4.59459459459,-0.559974786138,-1.2586821171,-1.31528889342,-1.30906416866
4.5995995996,-0.585748077542,-1.23802899344,-1.33410817599,-1.31045647331
4.6046046046,-0.610942148545,-1.21572697448,-1.07101115655,-1.31009762229
4.60960960961,-0.635532085844,-1.19179565894,-1.29834548625,-1.30797583617
4.61461461461,-0.659493573536,-1.16625709516,-1.1337750163,-1.30408197493
4.61961961962,-0.682802917163,-1.13913576491,-1.27541196818,-1.29840956635
4.62462462462,-0.705437067146,-1.11045856315,-1.34179044974,-1.29095482996
4.62962962963,-0.727373641573,-1.08025477374,-1.4561789104,-1.28171669664
4.63463463463,-0.748590948335,-1.04855604111,-1.17254112092,-1.27069682358
4.63963963964,-0.769068006574,-1.01539633792,-1.40113416045,-1.25789960487
4.64464464464,-0.788784567433,-0.980811928739,-1.29942241114,-1.24333217738
4.64964964965,-0.807721134074,-0.94484132978,-1.18995728293,-1.22700442212
4.65465465465,-0.825858980964,-0.907525264724,-1.14435735875,-1.20892896104
4.65965965966,-0.843180172386,-0.868906616714,-1.27595621473,-1.18912114911
4.66466466466,-0.859667580181,-0.829030376551,-1.2901895237,-1.1675990619
4.66966966967,-0.875304900678,-0.787943587171,-1.06823973107,-1.14438347851
4.67467467467,-0.890076670822,-0.745695284471,-1.1607588019,-1.11949785994
4.67967967968,-0.903968283462,-0.702336434577,-1.1062176385,-1.09296832288
4.68468468468,-0.916966001796,-0.657919867613,-1.17064167374,-1.06482360903
4.68968968969,-0.929056972954,-0.612500208103,-1.01201972849,-1.03509504993
4.69469469469,-0.94022924071,-0.566133802062,-0.989030853376,-1.00381652734
4.6996996997,-0.9504717573,-0.518878640925,-1.03749961961,-0.971024429251
4.7047047047,-0.959774394353,-0.470794282393,-1.03552781526,-0.936757601684
4.70970970971,-0.968127952902,-0.421941768333,-0.886983260947,-0.901057296145
4.71471471471,-0.975524172482,-0.372383539843,-0.938028292424,-0.863967113015
4.71971971972,-0.981955739298,-0.322183349629,-0.818195282746,-0.825532940857
4.72472472472,-0.987416293457,-0.271406171805,-0.733616529456,-0.785802891774
4.72972972973,-0.991900435259,-0.220118109279,-0.811497329402,-0.744827232905
4.73473473473,-0.995403730534,-0.168386298853,-0.659947145329,-0.702658314182
4.73973973974,-0.997922715028,-0.116278814193,-0.628234014629,-0.659350492456
4.74474474474,-0.999454897829,-0.0638645668258,-0.666210324293,-0.614960052122
4.74974974975,-0.999998763829,-0.0112132053108,-0.595605310431,-0.569545122365
4.75475475475,-0.999553775222,0.0416049872403,-0.682627406991,-0.52316559117
4.75975975976,-0.998120372038,0.0945191971397,-0.549341117452,-0.475883016234
4.76476476476,-0.995699971707,0.147458185423,-0.57916771781,-0.427760532929
4.76976976977,-0.992294967655,0.200350394299,-0.42325845106,-0.378862759465
4.77477477477,-0.98790872694,0.253124054584,-0.417799739218,-0.329255699416
4.77977977978,-0.982545586923,0.30570729393,-0.363295774977,-0.279006641766
4.78478478478,-0.976210850974,0.358028245683,-0.155348056956,-0.228184058643
4.78978978979,-0.968910783236,0.410015158178,-0.372536451948,-0.176857500916
4.79479479479,-0.960652602422,0.461596504305,0.0315355914323,-0.125097491826
4.7997997998,-0.951444474683,0.512701091139,-0.270865874471,-0.0729754188236
4.8048048048,-0.94129550553,0.563258169482,0.0135674571871,-0.0205634238147
4.80980980981,-0.930215730829,0.613197543098,0.0330278877119,0.0320657080299
4.81481481481,-0.91821610688,0.662449677488,0.150198397759,0.084838660689
4.81981981982,-0.905308499583,0.710945807998,-0.0930386575795,0.137681700754
4.82482482482,-0.891505672698,0.758618047092,0.233973832587,0.190520791745
4.82982982983,-0.876821275233,0.805399490596,0.443417373202,0.243281709086
4.83483483483,-0.861269827939,0.851224322736,0.300733263501,0.295890155547
4.83983983984,-0.844866708956,0.896027919796,0.371993909557,0.348271876963
4.84484484484,-0.827628138603,0.939746952203,0.501097940895,0.400352778021
4.84984984985,-0.809571163341,0.982319484882,0.564896859369,0.452059037935
4.85485485485,-0.790713638915,1.02368507569,0.571824881836,0.503317225799
4.85985985986,-0.771074212699,1.06378487175,0.40091405339,0.554054415442
4.86486486486,-0.750672305253,1.1025617036,0.51656811611,0.604198299566
4.86986986987,-0.729528091122,1.13996017681,0.766315981232,0.653677302998
4.87487487487,-0.707662478887,1.17592676114,0.717057291967,0.70242069485
4.87987987988,-0.685097090484,1.21040987688,0.778091934238,0.750358699404
4.88488488488,-0.66185423983,1.24335997837,0.847357807557,0.797422605527
4.88988988989,-0.637956910753,1.27472963441,0.765513792481,0.843544874449
4.89489489489,-0.613428734267,1.30447360558,0.894135557598,0.8886592457
4.8998998999,-0.588293965201,1.33254891819,0.917009923577,0.932700841043
4.9049049049,-0.562577458218,1.35891493479,1.05253694158,0.975606266223
4.90990990991,-0.536304643237,1.38353342113,1.10999677748,1.01731371036
4.91491491491,-0.509501500284,1.40636860941,1.02327576699,1.05776304283
4.91991991992,-0.482194533802,1.42738725773,1.15678058685,1.09689590743
4.92492492492,-0.454410746445,1.44655870562,1.11768508821,1.13465581375
4.92992992993,-0.426177612372,1.46385492557,1.23635787822,1.17098822553
4.93493493493,-0.397523050084,1.47925057039,1.07205885762,1.20584064583
4.93993993994,-0.36847539481,1.49272301647,1.25893753424,1.239162699
4.94494494494,-0.339063370495,1.50425240267,1.41058862496,1.27090620915
4.94994994995,-0.309316061389,1.51382166489,1.17094006142,1.30102527514
4.95495495495,-0.279262883293,1.52141656622,1.38258899215,1.32947634183
4.95995995996,-0.248933554467,1.5270257226,1.46223294289,1.35621826757
4.96496496496,-0.218358066245,1.53064062397,1.49680078362,1.38121238783
4.96996996997,-0.187566653376,1.53225565083,1.50844457436,1.40442257472
4.97497497497,-0.156589764129,1.53186808617,1.39518142839,1.42581529249
4.97997997998,-0.12545803018,1.52947812279,1.40912635233,1.44535964882
4.98498498498,-0.0942022363276,1.52508886599,1.4432212101,1.46302744183
4.98998998999,-0.0628532900445,1.51870633151,1.48730315603,1.47879320271
4.99499499499,-0.0314421909191,1.51033943887,1.35884823554,1.49263423397
5.0,-1.22464679915e-15,1.5,1.42442645394,1.50453064323