0.2 1.64084671497633E-03 -5.03534838223106E-03 -1.83760689549492E-02 2.85682624434958E-02 -0.353377604745351 2.22448758049676E-02 0 0 2.95276694732935E-03 -2.03871753015277E-04 -0.372318585444985 7.62093828586019E-02 8.24881133665784E-03 9.44124381993179E-03 -5.06331992335658E-03 4.75975463623642E-03 -0.215489447044144 -0.342083539603859 0 0 -2.66589914243509E-02 2.44610745343206E-02 -0.154610081308739 -0.34343784855721
0.4 1.02584658738336E-02 -8.80192061848964E-03 0.042413016110287 0.017066361723508 -0.343538584474146 -0.568278912504308 0 0 2.84375556437687E-02 -1.18290397910152E-03 -0.473062239425797 -0.533794773199235 -2.11062021211889E-02 2.83060561232054E-03 0.031047750810994 1.17476669977542E-02 0.757085370328938 3.35651816553059E-02 0 0 5.40044687711938E-02 2.10130254862088E-02 0.687627762354166 0.158328437171196
0.6 2.03016706914986E-02 8.18394162679857E-04 -8.1548996636515E-03 2.24994164663181E-02 0.469839566656716 -0.792480505387617 0 0 4.15672474406485E-02 1.49794606635852E-02 0.371115075187031 -0.915906434075577 1.51339200577427E-02 -1.83529707036856E-02 5.76518089659236E-02 1.71979195333093E-02 -0.709794470116018 0.767722939113877 0 0 -0.022756424996113 1.96794229864796E-02 -0.761384178006394 0.609028274783549
0.8 2.13269881330044E-02 2.01790393276157E-02 2.42161434945152E-02 2.9210635125117E-03 1.12161957630879 4.13338409722033E-02 0 0 2.51711764361349E-02 2.91779090571629E-02 1.19924596828072 -0.113676372553392 -1.44079030597853E-03 0.028640778924209 3.25634561969799E-02 1.11742443249084E-02 -0.192818345598737 -1.27880000785774 0 0 4.13523879898723E-02 2.53374201699705E-03 -2.21601894332531E-02 -1.20546268558259
1 -7.68740066215745E-03 3.22875178095503E-02 -1.41896483648785E-03 1.03970106646002E-02 0.445574662613542 1.20368925397745 0 0 6.55008221883478E-02 -7.76829632132013E-04 0.732623121384922 1.16509219470634 -0.026777703939593 -2.26857586316425E-02 4.86213724239183E-02 -1.51230627468352E-02 1.28252194255359 0.700368161481515 0 0 -2.08266002310189E-02 0.014098765250902 1.03618594174716 0.88348101188352
1.2 -2.43909836633687E-02 1.01185661449789E-02 2.21578941273097E-02 -6.33543113748652E-03 -0.924029930957136 0.97889137091083 0 0 6.26427163776848E-02 -3.75530135585616E-02 -0.773251428999967 1.22041632832813 4.38899585876824E-02 -8.93606206395894E-03 4.29450759204126E-02 -2.35819183156108E-02 -1.45654718287183 0.561062405682991 0 0 4.12601636767554E-02 -1.45769930526386E-02 -1.43164865938113 0.253950464118335
1.4 -1.20857644877538E-02 -1.53508935225782E-02 0.014608677121166 -3.43827557380165E-03 -1.33667687102465 -0.46725324704854 0 0 2.33339670440725E-02 -4.83919011346566E-02 -1.50902932344175 -0.233414467322598 -1.57657818034855E-02 3.87858716108664E-02 3.11314046274934E-02 -2.31373581147532E-02 0.604119731833337 -1.51167503611055 0 0 -4.90412468335187E-03 9.41614748019077E-03 0.806467146292615 -1.27590276484464
1.6 1.22933344376866E-02 -1.36665702417142E-02 3.21393722226595E-02 -2.72282485746444E-02 -6.34955195511301E-02 -1.38659396149162 0 0 2.80537728125003E-02 -0.016561831933749 -0.329048625378229 -1.46191667813015 -3.18808136358203E-02 -4.21836711217239E-02 5.50967215604897E-02 -1.73356390798618E-02 0.690481873020252 1.439713776463 0 0 4.99881982069106E-02 -4.31771772989287E-02 0.397472391452375 1.42646255429166
1.8 1.22033164590427E-02 -3.58331072595309E-03 2.07256129808198E-03 -7.84648643606545E-03 1.26584947249634 -0.60371154319565 0 0 -1.33708902907111E-02 3.27697087143461E-02 1.22966388999817 -0.887203031951553 4.31764145655329E-02 -1.50624584907939E-02 -4.60683163499118E-03 3.46375880530356E-03 -1.53197335161903 -0.529328029320407 0 0 -1.35718690078899E-02 1.40729843688531E-02 -1.30621148097948 -0.734151795105286
2 -7.87391710319255E-03 8.23319670805453E-03 -1.71503095187717E-02 -3.58842117461912E-02 0.947773022308407 0.932210242122704 0 0 4.81785458952758E-02 -1.27935444658047E-02 1.1805732596394 0.807472032610876 -1.48733122702294E-02 0.048151882111071 2.13970276386317E-02 -2.92296160060998E-02 1.3789079218488 -0.686211422088065 0 0 -5.34393836722523E-03 -6.04866481717024E-02 1.37307038200525 -0.401033449219057
2.2 -2.86101464337921E-03 -1.73121803460499E-02 -1.24430517276665E-02 -2.5080747533419E-03 -0.557550055706206 1.1926751397829 0 0 1.75780587890025E-02 -1.72721958423092E-02 -0.360097899067045 1.36529638143992 -3.89312636024914E-02 -4.29726142911284E-02 -8.87328587759174E-03 4.77429433230605E-03 -0.542841668660712 1.40778195016947 0 0 -1.98126225618094E-02 2.69016159845866E-02 -0.733487549650029 1.20077083857931
2.4 1.90046949661708E-02 -1.81262278692197E-02 -5.08593038334544E-02 -2.54171402638016E-02 -1.2608215037966 -0.16347822753391 0 0 -0.012798853740383 -1.71234878804752E-02 -1.3493261977097 6.90243680709439E-02 5.34439139398638E-02 -0.020195407551245 2.17501401443875E-03 1.55248985153767E-02 -0.531001043359642 -1.34847920498484 0 0 -4.90498242612835E-02 -0.05675706882549 -0.265008274290537 -1.34022673470431
2.6 4.38705857513753E-02 1.52029325556409E-02 1.32369194949163E-02 -9.84027054478862E-03 -0.154454301056652 -1.26334566648531 0 0 -7.94178611752203E-02 3.66190484950273E-03 -0.508979897229125 -1.23737727711957 -1.81447888885655E-03 5.47900209784652E-02 -4.13325953546721E-02 -1.49558660950576E-03 1.30787725055818 0.570889845430037 0 0 1.83678915728203E-02 2.37319543034072E-02 1.05480876812063 0.850371328254789
2.8 2.21880461593161E-02 5.59834873118774E-02 -2.72092606440562E-02 1.12796553923382E-02 1.15360954104698 -0.526328616170358 0 0 3.92334283475843E-02 4.97346534414237E-02 1.02182169557084 -0.835027983636086 -4.17149934001836E-02 -3.48214931367401E-02 4.42344383640699E-02 9.77383240121725E-03 -1.35136397690637 0.433384592450773 0 0 -3.97719234222607E-02 -2.13532297415594E-02 -1.36197635669297 7.23812011620224E-02
3 -3.42683693244172E-02 5.82994779585131E-02 2.01438451866419E-02 -4.40406272100516E-04 0.863084342251633 0.968934981849226 0 0 2.49551844026533E-02 3.56718542971973E-02 1.10890629575287 0.743695289342836 4.54694252196145E-02 -2.40255080127946E-02 -1.33978683018641E-02 1.87544401655999E-02 0.733714504301825 -1.22262896474035 0 0 3.96718911251255E-02 3.07160712867226E-02 0.989403642908039 -0.969497154545734
3.2 -6.49295867246972E-02 9.58662021627492E-03 -1.31476515268512E-02 4.04425593097289E-02 -0.651844363053971 1.14294846905832 0 0 2.89729834325688E-02 -3.58201917143489E-03 -0.369562875655242 1.29718561664465 1.13070665796052E-02 4.68863151391743E-02 1.4814235901132E-03 3.02159235925021E-02 0.278070448003881 1.42111184309944 0 0 -3.95941597939839E-02 0.013305284948945 -6.29097399249002E-02 1.41277306331887
3.4 -4.23422162043035E-02 -3.40411299055092E-02 -1.62283862208673E-03 -2.25065009489293E-02 -1.32283657912455 -0.25258579415573 0 0 -1.58500723981766E-04 -4.20232937654014E-02 -1.36837498595517 5.41659926724036E-02 -3.56322554852286E-02 -9.65525781744883E-03 2.53828712274439E-02 -4.64955121624514E-03 -1.18195700923211 -0.874987275460405 0 0 3.09266409560536E-02 -4.76971993058628E-05 -0.936478051416873 -1.10165554766614
3.6 -6.89088706332434E-03 -4.47124110479895E-02 -6.2423980878646E-03 3.27789170722103E-02 -0.206694446162837 -1.33649708014796 0 0 -0.029268891218515 3.96088317883482E-02 -0.499312699003466 -1.27949470296511 1.39404601292828E-02 -0.021054827379978 1.49562106520027E-02 2.43028291929205E-02 1.46528943490361 -0.176999232332461 0 0 -0.043853532961652 1.71622196856987E-02 1.44398071962781 0.142895188377268
3.8 4.64544886645882E-04 -2.89546648986537E-02 -3.46814735725655E-02 -3.45071679882995E-02 1.17985096685681 -0.63705448008489 0 0 1.68528576327328E-02 -6.01002714642027E-03 1.03890831836284 -0.880830581296275 2.05129292733389E-02 1.43147011301252E-02 1.43808984219246E-02 -0.054245185598694 -0.940307495415266 1.12025215638456 0 0 6.64601672094082E-03 -2.65515604866234E-02 -1.13445933487708 0.889886248347856
4 1.29834113230598E-02 -2.74470199852093E-02 1.28827245386402E-02 9.34272789667887E-03 0.976622154308715 0.885918392915254 0 0 0.024832502386198 -1.11637339552492E-02 1.14837183915885 0.681605861829085 -9.13396146323882E-03 2.59779371953789E-02 -2.37984937507049E-02 -0.022362573190509 -8.20775857250309E-02 -1.43804128725406 0 0 -3.04040895777789E-02 9.90999478096035E-03 0.204643184899593 -1.40673442524554
4.2 1.70273009532063E-02 -2.55007533036539E-02 -5.51891638182853E-02 -7.87090291061468E-03 -0.511677257990798 1.17416945050522 0 0 2.74542954191659E-04 -4.94197109572017E-02 -0.281106111117917 1.26698766101251 -2.49601457440463E-02 -8.46074888440258E-03 -2.45928737426715E-02 -4.58203437838423E-03 1.00483892082339 0.974966950775932 0 0 -1.15509876210653E-02 -1.73642089782307E-02 0.787113783856466 1.13377259236328
4.4 4.21356170517822E-02 6.78050001116573E-03 1.45915260250992E-02 -1.69306436348573E-03 -1.23530487174404 -0.116261571536006 0 0 -8.80037904676112E-02 -2.62318666778607E-02 -1.25545322279777 0.12192315455632 2.19976661607411E-02 -0.033890601436996 -5.03792685812721E-02 1.08086936589398E-02 -1.35534037524754 -0.044407619211422 0 0 -2.75147667736859E-02 1.71196337955707E-02 -1.30497468682776 -0.295197171150865
4.6 3.57156703803596E-02 3.43314022986015E-02 -0.052167756872009 4.64376820900399E-02 -0.249585358149032 -1.17007653764201 0 0 -5.46888041699369E-02 7.02994527274938E-02 -0.461959114669375 -1.11546816419948 4.70453180169687E-02 3.07411760784069E-02 -7.30089181731407E-03 0.043607334685625 1.01291006629651 -0.826260152743925 0 0 -0.01390513382976 1.86052499852579E-02 1.1331037003734 -0.621274972388887
4.8 1.54619338975732E-03 5.27109029921453E-02 -1.83420556812563E-03 8.48837832594098E-03 1.0277055100595 -0.556559149826371 0 0 -4.06591678690357E-02 0.096787382300276 0.919085864235658 -0.737434426843854 -6.11116096647418E-02 6.76513118243761E-03 -5.39069991603039E-02 4.27473820453277E-02 -0.217785412626414 1.25254378573743 0 0 -3.43287138962595E-02 4.45748243169657E-02 -0.432558250996654 1.18024783794562
5 -2.37513007279411E-02 2.87866525378507E-02 -4.42824367718848E-02 5.40606357133834E-02 0.805180998418164 0.817538960428546 0 0 5.72565693794687E-02 5.08351644944427E-02 0.944614260243051 0.678317636859508 2.63069803073145E-02 -4.11666169825381E-02 1.81176768281294E-04 0.048863533276743 -0.629231028816302 -1.09016496742961 0 0 -0.019509109752534 1.12166088515673E-02 -0.427576408919518 -1.16927671842204
5.2 -2.30322121724975E-02 -2.14406644047315E-02 -1.41747304244417E-02 -2.96744010679097E-02 -0.563704484250453 1.01056311119095 0 0 3.71673552269518E-02 -2.13839240182013E-02 -0.391966768124047 1.10311931708861 -5.62934148339143E-03 5.64185120423686E-02 1.95334971828804E-02 0.034386549688779 1.18594308062975 0.42724242268613 0 0 -2.99261941188169E-02 1.84589537274286E-02 1.0874036201787 0.61199398907314
5.4 1.44145529973003E-02 -2.53220750291681E-02 1.43485885034705E-02 4.13931861127179E-02 -1.13975150948989 -0.250033916527105 0 0 6.64265011400029E-03 2.82599054659743E-03 -1.18245874917245 -0.061782971971667 -1.07004936927537E-02 -0.03711205399695 5.68557828233534E-02 3.50894800526933E-02 -1.19036982857609 0.458079294993776 0 0 1.97121840218979E-02 -9.78468489236331E-03 -1.23354086211915 0.255863865479675
5.6 4.07860852447147E-02 1.17577258511962E-03 -9.52861484866281E-03 -3.44118397236151E-02 -0.104630940823368 -1.1831926542435 0 0 -9.55805813437591E-03 6.10512457405035E-03 -0.295406445718319 -1.16438827001587 7.35177978986351E-02 4.34292283905567E-02 3.62321055672418E-02 -0.033526634303193 0.603196099477879 -1.15103977751541 0 0 -4.27589787984237E-03 1.76270745293476E-02 0.763889421410847 -1.02645350812877
5.8 1.89672273344659E-02 4.43126389845675E-02 5.04705416275482E-02 3.37682627352631E-02 1.09749877284553 -0.469645904375685 0 0 3.86199575137201E-02 7.14946722619321E-02 1.02771684987756 -0.640647356205013 -0.10143494723739 3.92198572149004E-02 1.20178970695256E-02 1.61571325497221E-02 0.33293631344288 1.27559187884017 0 0 3.42979613168924E-02 -1.66961432749624E-02 0.129662160644604 1.29008346400875
6 -1.01277005548682E-02 8.56106356516876E-02 -6.11001879872476E-02 1.24417962235428E-02 0.800605370214015 0.883942237536357 0 0 2.83985245714217E-02 3.11668104290174E-02 0.9415596071604 0.772066652602283 1.52188758335521E-02 -0.128279586138422 -3.31178614160163E-02 4.21465465888968E-02 -1.11396994033236 -0.702624101480757 0 0 -0.034479573937113 5.87445866233033E-02 -0.972621593566084 -0.85194661547544
6.2 -7.58087983595267E-02 6.46152712085034E-02 -3.45599920973183E-03 6.24700534077902E-02 -0.592170997425531 1.02578526083695 0 0 -6.39708595152474E-02 -4.61274861406144E-03 -0.433542790183413 1.12520637863977 0.108174065453886 5.82839826341148E-02 -6.97776450502214E-02 5.80007764921728E-02 1.2752265014102 -0.225930888113381 0 0 -3.95435172056686E-02 2.17139652081103E-02 1.27467615607178 -3.58554139937778E-02
6.4 -0.10693462657598 1.93720735206121E-02 -8.67566804177568E-02 3.99993562864365E-02 -1.12943595808441 -0.237006786389343 0 0 -7.28217182147224E-02 5.32491758493663E-03 -1.17864755849122 -6.07960515012818E-02 -6.95036263050416E-02 0.069710704477199 -0.013202261438482 2.91317243346236E-02 -0.791301971810958 1.02407605666006 0 0 -4.31190731626922E-02 7.29789623647138E-02 -0.919046731957602 0.87118709846458
6.6 -0.111513945500955 -5.90147377614337E-02 8.66232567519927E-03 6.19909648754096E-03 -0.121676456717842 -1.1346862670313 0 0 -6.87941783802769E-02 6.88175372155805E-02 -0.28151230787406 -1.126983764724 -0.04549587752796 -5.04307899174426E-02 -2.90082609200336E-02 1.75905494899988E-02 -8.87337711526323E-02 -1.25676101138782 0 0 -4.22342800892378E-02 -1.75808358128268E-02 9.12421727652871E-02 -1.2277907482597
6.8 -4.85658351567791E-02 -0.116963830246446 -9.12789660607803E-03 0.024515449828632 1.02528782068645 -0.433303066581829 0 0 2.56700689786193E-02 5.30961847273137E-02 0.969468945355161 -0.59299027331829 3.39961101357773E-02 -4.82979246220847E-02 -0.013685431682319 -2.97875442522853E-04 0.875629080957443 0.865305622704906 0 0 4.60717405731464E-02 3.77202116078224E-02 0.733200526819074 0.962944228140639
7 2.98409955850312E-02 -9.71178540615348E-02 7.15862674594889E-02 1.46803562381282E-02 0.689338674435346 0.830348345627985 0 0 9.81379638089873E-02 1.16765214370116E-02 0.814715586657592 0.737390470924539 7.25756407842646E-02 2.94044801488809E-02 3.53129579761609E-02 3.54254945284235E-02 -1.1995531145726 -7.47155047667028E-02 0 0 1.39750850931736E-02 1.35695075278058E-02 -1.15289418963498 -0.244837784875263
7.2 5.41677552513376E-02 -5.51670268992939E-02 4.31905132282156E-02 5.62444503455362E-02 -0.622874498039215 0.861861351530107 0 0 4.00642241247667E-02 -5.43279641694983E-04 -0.458957601772186 0.98630113307036 -5.51108933100673E-02 7.46384501263354E-02 4.66803672459599E-02 6.72855551401163E-02 0.911302161174631 -0.746385740468252 0 0 9.98994975647275E-02 4.54405576855535E-02 1.01313671878034 -0.541390577610575
7.4 4.73812217535934E-02 -2.64269824463252E-02 5.01027777033547E-02 0.027390262186175 -1.00022167179846 -0.37411135799989 0 0 -2.24299321590968E-02 -1.09482590177045E-02 -1.08326669625233 -0.178048584398721 -5.42265548810656E-02 -7.14309298091291E-02 4.55202206116931E-02 1.3235634182185E-03 -0.226481463598618 1.16619161401192 0 0 -4.32045040771199E-03 5.04500164496692E-02 -0.431629672983711 1.07823523727217
7.6 0.032636950872931 -0.02421000759586 -3.55422444705733E-02 -1.0617383343176E-03 6.95747349600205E-02 -1.08247070121521 0 0 -7.61922690097379E-03 9.24748351897776E-03 -0.138135401063966 -1.09461308259153 7.08826951507943E-02 -0.025836839019776 2.24708727262976E-02 -5.36660428075448E-02 -0.590789018557934 -1.04554325389035 0 0 1.28344737288089E-02 -3.55658344405156E-02 -0.378230280593693 -1.11666577313207
7.8 5.99592304181373E-02 8.6671256708404E-04 1.61349972080291E-02 -1.54632277682588E-02 1.08460248448934 -0.238932637442633 0 0 1.62137448284159E-02 0.019785118190024 1.04118555429005 -0.443300213440877 1.28611868284256E-03 5.67516917362704E-02 -3.66968382116237E-02 -2.68891530317794E-02 1.16036998205917 0.408298045936184 0 0 -2.52139293830369E-02 2.81168344366682E-02 1.03830942145556 0.606770414875752
8 4.64410028305103E-02 6.04713122340763E-02 -3.56167162346807E-02 1.08526650049065E-02 0.573601716894121 0.975384320657531 0 0 -8.09534406746222E-03 -6.88458852051055E-02 0.758601868401441 0.86628386855 -4.65836344285427E-02 -6.00906791163441E-03 -6.73304459820991E-02 -3.03788202147065E-02 -1.15344443038386 0.472651213839508 0 0 -4.5751723196653E-03 -4.10218598292569E-02 -1.20442327743686 0.250628138779201
8.2 -1.56344263303327E-02 7.56293816331085E-02 0.072795973364691 -1.08166554708447E-02 -0.764915550151007 0.857131221775263 0 0 -0.025096672167549 -4.51614049581791E-02 -0.612479981842799 0.994824702885394 -5.88731823969023E-03 -3.29556584267165E-02 -3.81678520070371E-03 2.31557849390614E-02 0.553915865661234 -1.15614269113156 0 0 5.25382401299481E-02 4.60106142717254E-02 0.738485320093934 -1.02054417416673
8.4 -6.67319155580095E-02 3.07323549469214E-02 2.53517605789709E-02 5.44086975039835E-02 -1.07167242654289 -0.44226858378058 0 0 6.61134431280562E-03 1.85961201612818E-02 -1.1512440501419 -0.245868606553787 1.21773768483956E-02 1.3062548238099E-03 7.83706177754132E-02 1.60587132309208E-02 0.392112326374611 1.21993765806916 0 0 3.27199940495468E-02 -6.35047663415903E-03 0.166050581725291 1.24748327150647
8.6 -5.62665341281556E-02 -6.36867687807369E-02 8.32139999270896E-02 1.6469985540933E-03 0.077680021372095 -1.14635495664688 0 0 8.20617898479574E-03 0.113911206624743 -0.119333378474219 -1.16017377410609 5.70786602660462E-03 -3.22293980132079E-02 2.48964631706051E-02 4.38555117398075E-02 -1.12133041299276 -0.621558959239667 0 0 0.087862199731209 6.20900759339252E-02 -0.984175364852284 -0.79483262192203
8.8 7.57784945001859E-02 -8.20458688982236E-02 -1.16506295324476E-02 7.79876019829585E-02 1.09187783244243 -0.286210659795502 0 0 9.07133634747021E-02 2.24001642489714E-02 1.04693021740135 -0.485499292749136 3.49588358373861E-02 -8.33767194430909E-03 2.73209123991165E-02 -1.37849633227458E-02 1.23276421092426 -0.299271937043182 0 0 -2.95170715021928E-02 1.90514462684861E-02 1.23480988818064 -7.82040917874449E-02
9 0.103219328617603 2.99566259086264E-02 1.36830184705719E-02 -4.93575281723813E-02 0.606614183295665 0.91608334176505 0 0 -1.13921775421365E-02 -4.25302769142032E-02 0.769177344384562 0.822787164246723 3.96713953745681E-03 6.46351953511667E-02 -6.32929847617028E-02 9.6513251869766E-03 -0.687902277757444 1.02455332142699 0 0 4.36889471957879E-02 5.03776818667109E-03 -0.831350281350144 0.880935762272492
9.2 2.68561760570465E-02 0.13187751799576 -4.89819006858744E-02 -1.03736110173272E-02 -0.686138128673723 0.816418927240767 0 0 -4.80459483519772E-02 -5.18437836146778E-02 -0.551177153269347 0.945955942934765 -8.54179109551918E-02 -3.13909769976409E-02 -1.14036268373867E-02 1.25993711093167E-02 -0.16287434664265 -1.19868078298337 0 0 -8.90394558459939E-02 -0.057581109472847 4.26644990085253E-02 -1.16185279703644
9.4 -6.48739164509534E-02 2.91826148768956E-02 -4.95736763117615E-02 -9.21748243036901E-02 -0.949576266543127 -0.393189594544373 0 0 -7.88001263337609E-02 -7.37032110635549E-02 -1.03389181881561 -0.237707158312977 7.35013219576759E-02 -8.46681590617023E-02 -7.03762578357896E-03 -9.09789154144188E-02 0.888100147693772 0.761995212082873 0 0 4.20334285286005E-04 -5.51661504368923E-02 0.724968699812096 0.880236851420503
9.6 -4.01318618799135E-02 -6.41458295950833E-02 -5.72360507174623E-02 3.98143100895347E-03 0.127199106896115 -1.01533085829602 0 0 2.5367226682867E-03 -1.34491496653457E-02 -5.25866721917667E-02 -1.0523785840941 0.020774544952381 0.112406656463941 4.6269919708493E-03 -8.84835685685341E-02 -1.15126165720258 -5.38999526690804E-03 0 0 -0.112886221618404 -2.29310586470698E-02 -1.10331221717917 -0.199771200197367
9.8 4.21967356498041E-02 -3.50405506376842E-02 -7.82579722713927E-02 -7.46597320161316E-02 0.989611203973421 -0.170531935325636 0 0 0.026103059773134 -8.87520018559416E-02 0.975208280992413 -0.348725785890837 -8.90461750443595E-02 -2.15040741251736E-02 -4.48298094776347E-02 -0.110217152075606 0.876416032861141 -0.736853650595238 0 0 -1.75378348760606E-02 -6.07799846275159E-02 0.957471580421794 -0.564763806232733
10 4.95310975667305E-02 6.58993565885423E-02 -2.13703453986919E-02 3.39242791735052E-02 0.454688329599591 0.922513596668624 0 0 -1.87832686204032E-02 -0.072645723326164 0.61801964258176 0.856434290426273 4.82893773772602E-02 -6.22872066286403E-02 -5.91509548287674E-02 -9.66495982631284E-03 -0.183566140201209 1.1489719189728 0 0 -8.39077409779385E-02 3.28009382517371E-02 -0.362520586487481 1.06230927621616
10.2 -4.26310693942866E-02 9.62051363351464E-02 -8.73041230086438E-02 -3.06859449848079E-02 -0.734933747869508 0.704739736792224 0 0 -7.76172649695588E-02 -4.95151950506956E-02 -0.635752517302221 0.852727384073394 -0.01558184843493 5.20313288084391E-02 -2.77114301355537E-02 6.34341657636851E-03 -0.639742580069481 -0.994985880069587 0 0 -0.026057172680672 -4.31349846262461E-02 -0.449280811704922 -1.0455311144018
10.4 -0.124051725512189 -1.81227180913663E-02 2.09942043845731E-04 3.10640592693104E-02 -0.917859105079725 -0.503661982895567 0 0 -9.64166529598664E-02 1.59215615736171E-02 -1.02102951964996 -0.353642477885939 5.97122866017551E-03 -0.035285787965393 -2.89816024357857E-02 -1.68610869810007E-02 1.14981446781964 0.306443078369975 0 0 -5.74835899342264E-02 5.56746527543568E-02 1.04064139162424 0.484881321755705
10.6 -0.047730959746557 -0.110738583342308 -8.47368867432087E-02 -0.014306022179137 0.191891956953752 -1.01007157471833 0 0 1.75554563036471E-02 2.75523956614791E-02 1.43679488190526E-02 -1.08046940256612 1.43490347670229E-02 4.15355171971962E-02 3.63892321245657E-03 -4.66977948110654E-02 -1.06522159916549 0.556434210522563 0 0 -3.39628843639958E-02 -5.04593215426826E-02 -1.09344151910684 0.354926817544045
10.8 7.22798516788151E-02 -0.113805194668421 1.53594905440391E-02 -6.03958974661427E-02 1.02638987184306 -0.151480395922862 0 0 0.056416029039868 -4.98775698684606E-02 1.02933688720748 -0.341705683943735 -0.07846341632171 4.89592273302025E-03 -1.87511086874422E-02 -5.64106137146667E-02 0.399548961365869 -1.1286512010929 0 0 -0.027732612800341 -1.39864421486011E-02 0.566455710810394 -0.994663974326137
11 0.10381019422755 4.1545965415522E-03 -0.076623147328831 -3.62382367126581E-02 0.431086746262157 0.911902727208654 0 0 1.31819567859855E-03 -8.17587717549194E-02 0.624500918624945 0.852550428933861 3.43841670955646E-02 -3.37903060381625E-02 -2.48554124639962E-02 -1.09874707570377E-02 0.471850275994777 1.0808658630533 0 0 -4.45032219419944E-02 -8.95586377762929E-02 0.251120142329497 1.08988870863048
11.2 5.77806535700201E-03 1.78055894020617E-02 3.33801630937756E-02 -6.44474467575127E-02 -0.7070957019998 0.698901770207285 0 0 -1.15420100316661E-02 -7.30536604917785E-02 -0.59205577090565 0.857799638861066 1.61737039986363E-02 5.19376844953792E-02 5.00614584592722E-02 -2.84673614938911E-02 -1.06189281408812 -0.446158000293067 0 0 1.30568823818167E-02 -4.25562150009607E-03 -0.914388393281841 -0.61130087071752
11.4 -1.82263964424204E-03 -3.44137846409862E-02 -5.15702049680105E-02 6.10696256840797E-02 -0.837794172764811 -0.445431757955549 0 0 -5.13037545127164E-02 8.45380218428823E-03 -0.952357964007015 -0.290213297885581 -1.52700435734522E-02 -7.63466300991213E-02 8.74088264476124E-03 -3.88525038204097E-02 1.05327122833824 -0.362057931510514 0 0 -4.50578758719478E-02 -1.25952388457822E-03 1.05690939934765 -0.143120367452943
11.6 5.59818578459388E-02 -0.048358344806236 -7.81802024347012E-03 -5.29805597157793E-02 0.173728086883424 -0.918096139503802 0 0 -6.68530104795183E-02 5.94312934532756E-04 -8.84080240336579E-03 -0.970030439125894 4.75447257568121E-02 7.44853203337875E-02 -9.71313461512067E-02 -6.91005130037944E-02 -0.517712034470674 0.926409014011838 0 0 -1.05827381237023E-03 0.010332170725577 -0.669121194745699 0.777650198790146
11.8 0.115308796740308 2.45503996874813E-02 -6.00461400375959E-02 0.089810413420544 0.886017133204733 -6.30599389054049E-02 0 0 -3.67869796542207E-02 -2.55487883070948E-02 0.884925158176529 -0.266735980141533 -8.10405829484981E-02 1.81762176926751E-02 -0.111697340898432 -1.41535511032561E-02 -0.198716943588667 -1.00456562044846 0 0 -0.079580614325228 3.03896555164015E-02 0.011853401040497 -0.982772181910661
12 4.94215261596736E-02 0.112965594018039 -7.67659083709025E-02 -5.95118880943011E-02 0.319251420541998 0.823235091430747 0 0 -5.57432274506258E-02 -3.08567026247043E-02 0.500450723656144 0.759962550892784 7.02502552032744E-02 -9.41928248172956E-02 -6.60355995405521E-02 4.47618757045341E-02 0.791883675251919 0.638168630780467 0 0 -4.41614575798557E-02 -5.49539304407931E-03 0.613236729198163 0.768275937538546
12.2 -3.86868336112321E-02 7.80830856341342E-02 7.73822906231823E-03 1.85349190076829E-02 -0.726181784466547 0.529989018324322 0 0 -9.88014249488086E-02 1.56294970528082E-02 -0.602945421158875 0.68615701147683 4.68950588950127E-02 0.103420938234818 -2.91009751726858E-02 4.55683308771073E-02 -1.01421828392534 2.56945495860533E-02 0 0 -3.56033006018749E-02 -2.76718449418771E-02 -0.97284967362953 -0.197724288789923
12.4 -4.35476517227101E-02 4.20018427577915E-03 -3.03972198956597E-02 -5.50826615255388E-02 -0.718383357906999 -0.547652298978898 0 0 2.46734935120586E-02 4.00248338298289E-02 -0.827804748968802 -0.37078067407937 -7.05269212126538E-02 -4.06816670265853E-02 7.14682229345472E-02 -1.95015867585727E-02 0.739054641126087 -0.672073831947209 0 0 2.18137601998578E-02 -1.98892433571761E-02 0.877822871380003 -0.486480691330249
12.6 -5.21539512101691E-03 3.41810044636034E-03 8.81698545390764E-02 -3.06628236553763E-02 0.305879419356225 -0.862579040943861 0 0 4.69909910442742E-02 -6.70301269540263E-05 0.111136852851865 -0.89409852818943 2.82736833300061E-02 -3.51596725343575E-02 9.50129363241363E-04 -6.05638810166721E-02 -0.123647914813784 1.00255374229297 0 0 3.02032327416278E-02 -5.28723132415051E-02 -0.339063208202452 0.968358430409658
12.8 1.85464212474254E-02 5.98877181243318E-02 -1.95633843969899E-02 2.48549220236928E-02 0.937262787112173 0.044895694242332 0 0 5.70241532713926E-02 -5.26935013727832E-02 0.907533163946763 -0.149179047345081 -0.032629581187243 -5.46254959222721E-03 -1.33221420439549E-02 -2.45202840768423E-02 -0.587022458042902 -0.839074955732374 0 0 4.17371786228736E-02 3.60635727905819E-02 -0.405431105126081 -0.964764629303717
13 -5.51676899927025E-02 8.20965089280274E-02 7.38408951986834E-03 -7.02126659137452E-03 0.254687865082137 0.90956367587468 0 0 -7.50766769350048E-02 -0.092031839641235 0.421927510754903 0.807770253415136 5.72064732914825E-02 -1.43324628032508E-02 -0.066637475432538 -1.75426765640405E-02 1.00045490085479 0.23651122413627 0 0 -5.38422707607673E-02 -3.17008082941705E-03 0.960891820353554 0.44331715679614
13.2 -0.12054244304364 -8.3248895784269E-04 -3.97813650983091E-02 0.043945031451033 -0.793620159871231 0.513385323226223 0 0 -0.115289014008079 7.51532877760572E-02 -0.6664177246182 0.634734006662086 -2.73219795682717E-02 0.103460398326347 -4.48272091692569E-02 0.086925389042572 -0.901000901134932 0.475481456720165 0 0 1.98250841024463E-02 3.05658381902937E-02 -1.00354739788251 0.300949075853912
13.4 -6.11295275235432E-02 -0.067916840165142 -3.89527954140062E-03 -1.29424130270163E-02 -0.735448672846035 -0.571732200364474 0 0 -5.51730442211952E-03 -3.23998042212728E-02 -0.804729047204634 -0.403697866449073 -9.04567300650893E-02 -7.51613275269508E-02 0.022558163665343 -0.100260933601471 0.287439471256888 -0.95250767333556 0 0 -5.75964351018542E-02 1.47300243866984E-02 0.490860505008113 -0.905367111849128
13.6 -0.006517530955339 -4.40979253488941E-02 4.33278616387703E-02 -1.65864967694569E-02 0.338370676199928 -0.854926780746063 0 0 6.62580182009063E-02 0.110600417907944 0.134956455576491 -0.891727731096771 0.109108964651478 -4.54528734566745E-02 0.012900880543893 6.20590003230653E-02 0.420820488944295 0.908168990967103 0 0 9.13213041182112E-02 -5.20389052540391E-02 0.220203145085773 1.00386866338471
13.8 -2.17549480417593E-02 -1.44878408361445E-02 3.82960894397271E-02 9.45422439937076E-03 0.888431980719714 6.04709169548153E-02 0 0 7.89451711225653E-02 -4.25153887640802E-02 0.840273964493695 -0.125103111391171 3.24386134126031E-02 7.84840506272415E-02 1.77695426054831E-02 -1.6097303010897E-03 -0.889426466461837 -0.372875912147599 0 0 -4.26834975202663E-04 5.49334385903887E-02 -0.824168814188174 -0.57712165162727
14 -4.56353006689104E-02 -5.43094481922321E-02 5.05073479838307E-02 -8.32138572657182E-03 0.187100819119752 0.84705718462494 0 0 -0.104749810659404 -6.52028731434828E-03 0.347858802573502 0.755037048247065 -3.98860431499494E-02 7.38200415513487E-03 -8.08873929027499E-02 0.059563750750975 0.873046913871526 -0.290917373860153 0 0 7.97836703764533E-02 -5.98384016740697E-02 0.955986518002 -9.53773968447502E-02
14.2 2.19471816754062E-02 -0.131336567937051 4.61969297079205E-02 7.64937648348123E-02 -0.742674145608555 0.39686313585355 0 0 7.37507083215643E-02 9.08191084407609E-02 -0.615700654020136 0.506484876033608 -3.93903837603895E-02 -2.73344586581549E-02 0.141745854844537 8.57921961722116E-02 -0.457637479555686 0.725462159574111 0 0 2.86944832368077E-02 0.131924189356144 -0.613577862914799 0.659953784216307
14.4 0.1388133933688 -9.92590147523364E-02 -2.16145795216209E-02 1.88537436438837E-02 -0.60067637026992 -0.604995547100989 0 0 -9.80717523592817E-02 0.119780258983313 -0.651502169867077 -0.439925862203082 7.50292515835452E-02 -0.068573135516137 -7.83211528251253E-02 5.16889728782059E-02 -0.102982168694132 -0.880343674122384 0 0 -1.68639878086485E-02 -4.03599643720202E-02 8.11118399751883E-02 -0.961478378240462
14.6 0.183516438637633 6.66074444697115E-02 -4.26870212697772E-03 6.40860961485865E-02 0.434832508868452 -0.724458326303339 0 0 7.23541498380202E-02 -0.028863668133061 0.280236342646879 -0.757631079385185 4.89813394337427E-02 0.115293012168373 9.46078856561998E-03 -0.062909803357843 0.662639456738503 0.608000857956415 0 0 1.27662217717032E-03 0.121483269297093 0.550667281119208 0.754724556916351
14.8 6.27308976702015E-02 0.171650000343741 -7.25595951109609E-02 1.84659011993189E-04 0.841587725541926 0.180607116873645 0 0 -1.36006532561351E-02 -0.167692733510973 0.809848288043829 2.23962989201717E-02 -0.149511916736252 0.014830622745511 -6.06511024848057E-02 -0.118834883066618 -0.889484379690716 -2.80835497111238E-02 0 0 -9.26213676626184E-02 -0.054581450757696 -0.940778162744219 -0.187217748585534
15 -9.68330994084086E-02 0.145990349450202 2.64713704564448E-02 1.99893545962541E-02 4.24412952797603E-02 0.880211083104648 0 0 -9.15842435455956E-02 2.37169561507518E-02 0.162240420092843 0.803561054223179 4.96365945566792E-02 -0.144948732069625 -5.56178774989016E-02 8.28877348245369E-02 0.725205445257473 -0.552893637837949 0 0 5.49643709477612E-02 6.93198167996618E-02 0.852977973064774 -0.459393438738296
15.2 -0.135130553597155 1.77633410327523E-02 -2.84612630083164E-02 4.76295430524826E-02 -0.81865953084493 0.326177420870562 0 0 -8.90732202598064E-02 1.34823425812634E-02 -0.726113852270655 0.417324953681219 7.62377203211586E-02 0.104692840892604 -2.00004086390929E-02 -3.10736797711466E-03 -0.172426597889755 0.929937144686443 0 0 -6.91318702673363E-02 5.85121253537343E-03 -0.316179506587355 0.933893630155398
15.4 -6.64460473245277E-02 -5.75308154134252E-02 4.69032464207769E-02 2.00043408810017E-02 -0.574060168993757 -0.698105496902681 0 0 7.09961798987473E-02 0.112124019199704 -0.649183687102463 -0.582944788162365 -0.107836906345988 2.90242068544837E-02 7.18668536484153E-02 4.27942673182495E-02 -0.517574441545018 -0.812271274478196 0 0 0.093341014504944 5.25739737638287E-02 -0.404199817853115 -0.925992311798293
15.6 -2.07940128416325E-02 -4.19239225196043E-02 5.85931725496508E-03 9.98568084341686E-02 0.469821873622361 -0.755081649491743 0 0 0.106532977819199 1.68476872502133E-02 0.337595990258943 -0.78618093869047 0.021934586825864 -7.12849855735786E-02 0.040480709970983 -3.60719888113728E-03 0.926294908990531 0.259725735444774 0 0 -4.73934868507338E-02 7.92816082330677E-02 0.911957028706306 0.408470461364391
15.8 -2.60759329887471E-02 -6.49424830217956E-02 1.88257599704275E-02 1.33124579347379E-02 0.877590543509336 0.214524583712573 0 0 -1.03414451888401E-02 -8.32181549682333E-02 0.862702784491999 8.14478217923353E-02 2.53707298833167E-02 1.84626686240353E-02 -4.64195449937251E-02 -2.38589151439442E-02 -0.858264986646303 0.445339546650657 0 0 7.48595821722719E-02 2.32781336421389E-02 -0.947387696734199 0.33214276273006
16 -8.49711761325597E-05 -9.97288690419217E-02 0.011943048002385 7.63167070166248E-02 8.53062439481911E-02 0.87359265938713 0 0 -8.26670248334778E-02 -8.82784425781872E-02 0.193688627038976 0.82872923614373 2.67024853191255E-02 7.73588441857706E-03 -3.51383610121351E-02 -3.76823759569373E-02 0.322764261724107 -0.897560637485781 0 0 -4.47876812702549E-02 7.97234718237906E-02 0.454505578857071 -0.881142692773045
16.2 0.115897340760703 -8.88995681827258E-02 -2.50520774727224E-02 -4.21261014540048E-03 -0.794803623861829 0.35107094691966 0 0 -7.43148928800053E-02 -1.23336998754193E-02 -0.712956362493587 0.436969562607481 -0.04141351915208 1.61479554452083E-02 -1.23340937962373E-02 -4.53720777868713E-02 0.362179142214121 0.864266704181802 0 0 2.97984103654236E-02 -1.94620253762091E-02 0.248971241289324 0.931440987263368
16.4 0.157508536839286 0.026987699131042 -3.66237206253123E-02 1.76781379106444E-02 -0.554749383962103 -0.633802511846212 0 0 -2.25607960115914E-02 -1.24792630191376E-02 -0.612296037828184 -0.541729767495036 4.24099302123112E-03 -8.94757569362736E-02 -3.73986503791186E-02 -8.05621392281463E-02 -0.830109762574691 -0.391959363978667 0 0 -8.65798696262589E-02 4.34575763837458E-02 -0.798885352729965 -0.50399034597676
16.6 8.23170517274517E-02 0.132717656025165 -3.75234311343574E-02 5.76097362352691E-03 0.41105648742176 -0.686287880403246 0 0 2.86175037690484E-02 -2.07755391433018E-02 0.332692446991008 -0.714610559524083 0.104639092146878 7.44799498724888E-02 -4.09206488547591E-02 -2.34971707558741E-02 0.844982091682804 -0.233984859936348 0 0 5.61232850315958E-03 -3.10367144405857E-02 0.887866337597723 -0.131780514596524
16.8 -5.56218231851286E-02 0.14395507881347 1.12791267949573E-02 6.83941356563866E-03 0.763257240501913 0.235019116440009 0 0 -4.27837490568862E-02 -1.64971844520795E-02 0.785410171081303 0.120841409348651 -0.153950870407772 6.61808700996019E-02 -6.25861046744161E-02 4.97283297032732E-02 -0.500817310886873 0.720343991081777 0 0 -2.27351693292348E-02 5.18993412606431E-02 -0.594010830003167 0.653566588137862
17 -0.14406636251986 5.06472575979974E-02 2.62428827195678E-02 4.68302976266269E-02 2.76279440599576E-03 0.778652359509415 0 0 -9.70251231497822E-02 5.97271679157988E-02 0.087870330296985 0.760823927282208 7.68295466640478E-03 -0.176978846280115 -3.88858320918736E-02 9.59482971411944E-02 -7.17947520002773E-02 -0.858930555438433 0 0 4.95970302491791E-02 -4.17237724146501E-03 1.75956904390446E-02 -0.876093521167513
17.2 -0.122953593420157 -3.01094968533467E-02 2.98997524139856E-02 -4.50687377684629E-03 -0.784120306042121 0.20137297420028 0 0 -8.75770321044519E-02 0.115796948414899 -0.749747215360023 0.293693069784017 0.154016213537426 0.128342617752207 -3.74957326080503E-02 7.06568759831618E-02 0.641561587335613 0.648188298894413 0 0 1.90397301732207E-02 5.03094573016026E-02 0.539475286771732 0.723879543148249
17.4 -8.55801351842474E-02 -7.63723895929724E-02 -2.71156883157472E-02 3.04093290897475E-02 -0.445349437845333 -0.685468882657711 0 0 -9.09123512937139E-03 5.06436334748844E-02 -0.53495144875637 -0.62744676141773 -0.140154273948672 5.41872121278046E-02 -4.09027133575001E-02 -9.8344539624265E-03 -0.921048725776439 -2.52824107779564E-02 0 0 -2.86911416622763E-02 -2.49492869896852E-02 -0.907996012127022 -0.143600916368688
17.6 8.40613503975791E-03 -0.126286096939535 -2.28459372789358E-02 -0.02352137743391 0.517445799458544 -0.649691079910817 0 0 8.74884564120747E-03 -0.102394584489909 0.423942403107136 -0.7112772741417 6.97169088807671E-03 -0.111248130444345 -0.055509405877981 -8.64342158546118E-02 0.702343892887584 -0.598799814427911 0 0 -8.82630439437147E-03 2.94566237385006E-02 0.786322594735555 -0.506693470253792
17.8 8.32686799432474E-02 -0.125763007761352 -9.14288428049388E-02 1.52009212190371E-02 0.768034235555893 0.31073008747117 0 0 -3.22366815763358E-02 -0.108419295807702 0.8077376520437 0.199435818156383 5.65671147661084E-02 2.27920619068265E-02 -3.45121541540109E-02 -4.13523421720459E-02 -0.115001949461763 0.94310691401033 0 0 -0.115492804029997 -3.22866007592363E-02 -0.244523167848024 0.900817738759446
18 0.162547278067613 -4.58167242696385E-02 -4.27509484073397E-02 -0.094618922910367 -2.76137230892772E-02 0.8171103145709 0 0 -0.127602287279073 -3.16251262879142E-02 8.29158446940927E-02 0.823951284380389 1.50220322526517E-02 2.73322952437992E-04 -6.54869077930453E-02 -1.05579161080447E-02 -0.543244556232037 -0.766274278667491 0 0 -7.95446944917323E-03 -0.053607423216575 -0.441536938652066 -0.822655421509507
18.2 0.139911974395759 9.22139659756254E-02 -4.03015829179042E-02 2.33285463083844E-02 -0.797456532354931 0.204879669280568 0 0 -1.73974604913511E-02 3.94965956753902E-02 -0.768960540630005 0.319337024290457 -0.014644996959906 6.14364871544701E-02 1.83778991981844E-02 -1.69704577591818E-02 0.92378876284412 0.19661351077127 0 0 -8.20643831220824E-02 -9.60622001969935E-03 0.871494307598391 0.328169653654395
18.4 2.37329932701261E-02 0.136501176643964 -2.12964873030939E-02 -0.045640916547199 -0.44891272910163 -0.675175302247503 0 0 3.20631802333214E-02 2.82321545295751E-02 -0.545670984217794 -0.606902823325806 -6.97732667885623E-02 -4.09528796747493E-02 -1.26988197203148E-02 -2.00336631252164E-02 -0.78858264620656 0.481226267561647 0 0 2.76070744158501E-02 -2.32634244469675E-02 -0.837255470823324 0.357749764452205
18.6 -0.103544583274391 7.90963493955221E-02 3.24947681966658E-02 3.81113012583979E-02 0.501293227066096 -0.609520070047658 0 0 2.20172795961018E-03 3.79409458422932E-04 0.409003223434373 -0.69481260821427 6.93596366077831E-02 -5.78183716787233E-02 -5.63137582079272E-02 0.031479861761186 0.253504894584963 -0.867050452160626 0 0 -0.019328056356293 0.027464742401353 0.38616790730297 -0.809742239613361
18.8 -3.75214227436326E-02 -1.33673252179908E-02 -6.61375035244281E-02 -3.39264807283627E-02 0.721068205881004 0.285037085509366 0 0 -6.29979218028917E-02 -0.081993792661636 0.760159750535273 0.155407266741869 -7.23399920424198E-03 6.53433380237028E-02 -4.94712588943629E-02 -1.94007938259705E-02 0.376241518753553 0.79772816637255 0 0 -1.37194660930272E-02 -3.60300803172142E-02 0.235023206528498 0.848493591137398
19 3.84348317391562E-02 1.77881035631239E-02 -7.21786362783539E-03 7.04086255896682E-03 -7.56432101081052E-02 0.76861129923909 0 0 -3.19520183558631E-02 4.08542253342502E-02 5.69373207598118E-02 0.763829754285438 -1.60001287603877E-02 9.85467901231633E-03 0.033026908795679 4.22811444442561E-02 -0.790788155831133 -0.336410471862366 0 0 -5.77971255970219E-02 1.91181483081979E-02 -0.724610753612973 -0.473400106011685
19.2 -5.46302225925937E-04 0.075471175682472 -5.58552750129001E-02 -5.64560664538715E-02 -0.735821988211873 0.145975935526573 0 0 5.92591769350045E-02 1.15922471747911E-02 -0.689932525427899 0.268425911579344 -5.56999079416665E-02 -1.45185284042097E-02 7.67755871422055E-02 -4.97611907424002E-02 0.800706883655221 -0.25461532115994 0 0 -0.011275251804798 -8.04219267706479E-02 0.844537383122812 -0.119418165810474
19.4 -0.100609385735841 5.42880367368789E-02 3.02063876838833E-02 -5.68954366781454E-02 -0.356608337318612 -0.671357498379085 0 0 4.55211150646786E-02 -2.02602466997213E-03 -0.443851183231632 -0.592325440741396 1.12726093193788E-02 -8.27922656147649E-02 -9.44670918708242E-03 -3.60304603299175E-02 -0.449101303490972 0.716191390043632 0 0 -9.45291605854665E-03 -2.50932946654799E-02 -0.571591025395166 0.651756367800403
19.6 -0.097771778411487 -8.64719896930902E-02 -5.56465961613842E-02 -7.08528794517588E-02 0.545809681349522 -0.52421571249433 0 0 9.95081838991181E-02 -0.104401323262068 0.453956788999555 -0.588014776353705 8.40255368767081E-02 5.44900381546846E-02 5.50024303627964E-02 -6.30927414377937E-02 -0.116691086921106 -0.836613981926232 0 0 -2.59420032842183E-02 -0.110063957019458 1.03842313533397E-02 -0.854558941469863
19.8 3.79511949203492E-02 -0.125847255128481 -2.83522838228666E-02 -9.75325483518129E-02 0.66911668089002 0.360111605430879 0 0 -0.079774385912087 -4.80926822198982E-02 0.713260971986137 0.249690340981145 -0.111928675905718 6.72395762932929E-02 -5.02638719604894E-02 6.7764029900853E-03 0.657358419912651 0.553605804240665 0 0 -4.99588588803451E-02 -5.38316694983512E-02 0.575355335803007 0.664983384300763
20 0.105785196582715 -1.64548430268442E-02 -4.12345730882196E-02 -2.47063810904653E-02 -0.182067165460664 0.761439274293774 0 0 -4.23754106272799E-02 0.051925058059948 -1.44169543244226E-02 0.755118570141021 -1.80226210126739E-02 -0.12216117655364 1.83464413556208E-02 3.70439468934719E-02 -0.857963125221036 5.87970865453188E-02 0 0 -0.030636323801466 -7.20057142061048E-02 -0.874564282287854 -0.123029714931809
20.2 5.86872194298083E-02 6.37796438603621E-02 -1.75256517700864E-03 -4.33755806207202E-02 -0.777897255669361 5.09354225086398E-02 0 0 -2.65914688641982E-02 6.94458288737364E-03 -0.729900861261537 0.220558951152776 7.73082615677188E-02 -0.002748568836561 -2.50254789603324E-02 -5.51065063409782E-02 0.587449880784504 -0.642104169095167 0 0 -1.95577680571154E-03 4.9016814071898E-03 0.733810558244117 -0.503436848999536
20.4 -0.109443189030776 3.16265316091137E-02 -3.46470277897792E-03 -0.018818146823498 -0.299285515224813 -0.733899647592822 0 0 1.56401866135749E-02 1.42264259674018E-02 -0.441650782874218 -0.628761953541008 -6.66916500312625E-03 7.25999622520326E-02 -4.33854325757291E-02 -2.76003707993752E-03 3.37564404552177E-03 0.869365405244424 0 0 -1.37808584128476E-02 -6.53841051390189E-02 -0.198702770969909 0.872581228080063
20.6 -0.032362403390296 -0.1001723554386 -1.37771887475501E-02 -1.33273355658258E-02 0.596468240357527 -0.509216760913379 0 0 3.46773991858584E-02 -0.125389112933445 0.453877191003728 -0.608364391417824 -7.48842791364463E-02 5.34830635623092E-02 3.98210255088253E-03 -7.38811305841146E-02 -0.587798458201483 -0.636037504058637 0 0 6.18973080296784E-03 2.94334758773781E-02 -0.450675232986703 -0.774421901956404
20.8 0.141121471639723 -8.82468718702454E-02 4.35530453662474E-03 -8.18950757968499E-03 0.670367637159838 0.398609230138914 0 0 -7.30132612122576E-02 -0.051857144998251 0.708377694674314 0.247948840343928 -2.48035616555378E-02 -0.119496318834355 -3.06509433740961E-02 -8.47182479782467E-03 0.852206866416083 0.073279215811928 0 0 -2.46910275505715E-02 -0.045372104820485 0.83853822911086 0.254824178119347
21 0.154846651936128 9.81950279633616E-02 5.16855284445559E-03 -4.28664308461261E-02 -0.165751215841649 0.746198792592542 0 0 -6.43869730749818E-02 -3.81748203629669E-02 -1.64937122081267E-02 0.746304916562494 0.15931991988435 3.26773053277387E-02 -0.011798486297065 -0.067411072559551 -0.660158774397786 0.516441475995367 0 0 4.14166822459064E-02 -1.34916148625459E-02 -0.781373091902647 0.395974578460175
21.2 -3.70640848486457E-03 0.216914096617384 1.84462111306306E-02 -7.44814419305428E-02 -0.733709756849767 6.80486201902807E-02 0 0 5.13257581196914E-02 -3.27864475305541E-02 -0.692207045611193 0.198553142422014 -8.92365914022656E-02 0.179170015765458 3.57547590297147E-02 -9.01413533970481E-02 0.169609127988498 -0.788630003044982 0 0 -2.35538931638168E-02 -9.50524270395207E-02 0.315775659715567 -0.755993493014131
21.4 -0.202389922510763 0.10232482367928 1.01764125125474E-02 -0.15852561941042 -0.261800966700677 -0.651095382226904 0 0 3.72841889457755E-02 4.00021909674107E-03 -0.382570020546326 -0.575367032265911 -0.130993675606605 -0.15256296736077 -2.30526377746972E-02 3.8533630099986E-03 0.425956441724451 0.687828931747598 0 0 5.40001775556886E-02 -0.14902726437451 0.287267428093073 0.75852583653972
21.6 -0.165098583706112 -5.16272412030785E-02 6.85679086840803E-02 -6.24218851106983E-02 0.564258685301571 -0.42171669692683 0 0 1.41163781421526E-02 -7.09427876435944E-02 0.480671447119146 -0.519681033809741 0.189364029805606 -2.92310186226767E-02 -9.13605258388968E-04 -1.28519815805334E-02 -0.753463169369341 -0.268284103346914 0 0 2.16983817813946E-02 -6.27214345003945E-02 -0.68641381868323 -0.418803296621934
21.8 -4.42832034590666E-02 -0.105201160457146 5.38639950925865E-02 -7.86029333187637E-02 0.577891644892152 0.442568182543493 0 0 -3.19740548729385E-02 -3.62334569324329E-02 0.647448434574998 0.294428239806286 -4.69885867328918E-02 0.156082653950578 2.08926554608538E-02 -7.21296050276141E-03 0.731457820957641 -0.303700633947028 0 0 9.84465166174667E-02 -8.89347604802597E-02 0.802020579670137 -0.140513017992024
22 3.95785785744601E-02 -0.015976921292527 5.22559713922954E-02 5.65667768245704E-05 -0.245486433322014 0.686273265661084 0 0 5.90482267874489E-02 1.40173425237021E-02 -0.117917492583529 0.695943718004655 -6.10528746684642E-02 -8.70011042033429E-02 9.76070124675717E-02 -2.96359730173575E-02 -0.373898715385212 0.689653647838271 0 0 1.12946903560727E-02 2.10689556169221E-02 -0.500344922570863 0.636602928056845
22.2 -4.35630977711544E-02 1.75423059280933E-02 -1.13218037170979E-02 -3.08172512740732E-02 -0.754943382333962 -2.58275395324322E-02 0 0 -1.69677930500715E-03 -2.40688944500059E-02 -0.728292197795404 0.112214419228558 6.12942627960176E-02 -2.25567145157201E-02 -3.40033713142257E-02 -7.39557286800152E-02 -0.200250877462944 -0.790784973800458 0 0 2.36577100062519E-02 -6.14481268439358E-02 -5.04855030248939E-02 -0.832619552290519
22.4 -9.26629670306297E-02 -8.82468381471181E-02 0.021623469718653 -8.70919141134519E-03 -0.219588331711921 -0.737456348754415 0 0 4.23915188677446E-04 -7.49936010229939E-02 -0.327765649432804 -0.663778888298212 1.20885985395113E-03 -1.41225894018638E-02 -5.47969875826641E-02 -5.62133844270854E-02 0.685588050037754 0.468214836333648 0 0 -4.15035010837664E-03 2.78781593589174E-02 0.615502010658849 0.603068886104721
22.6 6.34903838931277E-03 -0.171185744581998 -8.80965329980656E-04 -6.13361454687486E-02 0.624105860848457 -0.444144657335751 0 0 -4.98351282331634E-02 -0.055173665825885 0.544194489848839 -0.531902294181897 5.03689006602315E-02 3.41625476812252E-02 -4.45038118244893E-02 2.90232268781067E-03 -0.834620297272971 0.112009788133011 0 0 1.54408356924706E-02 -0.103749395050026 -0.841002146382844 -1.40795932648019E-02
22.8 0.142340416443278 -0.114330927464791 8.40745772348964E-02 -8.58161629120512E-02 0.627550877821957 0.439011031506981 0 0 -9.73879418266956E-02 6.04230250127155E-02 0.686995010068747 0.331352075863499 -9.30370745423943E-02 3.76573395348497E-02 -4.19181117042393E-02 6.92747478170694E-02 0.524401388678836 -0.67226179053838 0 0 7.89891954168776E-02 -4.36511535635614E-02 0.641838490206024 -0.585139695603501
23 0.139386558826145 2.24425385806221E-02 3.60638342357268E-02 -5.00590480452584E-02 -0.213454138606524 0.722345101914011 0 0 1.80275319259428E-02 8.35812599609479E-02 -9.10167761266531E-02 0.750687886568844 4.44175510620341E-03 -0.146274821535761 0.04047935834324 3.09422002275677E-02 6.03701975007398E-02 0.839787977325486 0 0 0.031351107185673 -9.35771006463159E-02 -7.36179892996826E-02 0.832757044844355
23.2 6.95570412819035E-02 0.043105939755179 8.28721462243941E-02 -3.62714977772087E-02 -0.740086975287151 1.08395614086281E-02 0 0 7.74011664115726E-02 4.81513711344284E-03 -0.730512694606373 0.143751244626491 9.91476433231038E-02 9.29883780869226E-02 3.38071819479181E-02 -2.97886218604811E-02 -0.6164711867847 -0.573022240365751 0 0 9.62672894810893E-02 3.68965640022206E-03 -0.505019690304082 -0.660981535484268
23.4 6.86131441650363E-02 6.26172372053992E-02 4.61469695293709E-04 3.02285527169912E-02 -0.253414466121712 -0.687546251035401 0 0 2.71933329353893E-03 5.94457639574436E-03 -0.364089560121923 -0.635700500244171 -0.100335980627771 3.82756977172611E-02 -0.040658941952929 4.16435369065377E-02 0.819574757524525 -1.43489994949014E-02 0 0 -2.28030846208792E-02 -5.40298014779906E-03 0.810391829082338 0.12952858712054
23.6 8.50921220629717E-02 5.43544609805889E-02 -0.032251995511682 7.30548448117865E-03 0.558381624948662 -0.427492845941727 0 0 -5.77597038363306E-02 -8.85155812627538E-02 0.490136074494137 -0.531253415362907 4.19341374021948E-02 -4.85747724095097E-02 -0.034644186381014 -0.038510939443208 -0.591275150074539 0.54665088814051 0 0 -2.44352746268405E-03 3.68500898385256E-02 -0.661639285255494 0.419201339067283
23.8 3.44276536521743E-02 0.144891739635646 -0.120210523535106 7.05712810073678E-02 0.540534536914689 0.39569221974382 0 0 -0.126019214562873 -3.95571429968562E-03 0.624665576254189 0.289001356085015 -8.48883994133275E-03 2.45363935062095E-02 -0.072284849805308 -1.34762443142848E-02 6.93195711498696E-02 -0.786103055586999 0 0 -0.154638783143832 5.03006739197465E-02 0.210734189348574 -0.737726490450124
24 -9.50388403255344E-02 0.140690316263786 -7.60727054185759E-02 -2.16826738370868E-02 -0.214822090659127 0.631483284323555 0 0 2.78795507203954E-02 -6.39978113061394E-03 -9.73888741059203E-02 0.673872701139913 2.46490053053184E-02 -7.97659011326398E-02 3.05380525849958E-02 -5.99799692694749E-02 0.437121180247991 0.619321518593414 0 0 -3.67341563704362E-02 -9.76253170832086E-03 0.312526902588815 0.684925666640321
24.2 -0.157020373000046 -0.007668974699325 -5.66098303962976E-02 4.39443839127767E-02 -0.673329260645051 -0.042047784277438 0 0 -3.06365870519357E-02 -4.36431430774523E-02 -0.673038917008168 9.25498475125748E-02 5.05550060192276E-02 7.01314573766864E-02 -8.13429820558516E-02 -5.82350129065531E-02 -0.739156263066957 -0.185611033002869 0 0 -9.66295830697088E-02 0.041834312847843 -0.676171501850724 -0.318070267738677
24.4 -0.074224890136537 -0.106894810048304 -1.57279876877448E-02 -5.48400791153602E-02 -0.169934071893736 -0.644516646577172 0 0 9.57648195878202E-03 9.91680614740258E-03 -0.283479225545839 -0.613823311235135 -0.109456847398374 -2.08449955857213E-02 -1.70064150525298E-02 5.56506974193068E-02 0.68033296036424 -0.358782998913474 0 0 2.31332074481106E-02 -6.28349685409871E-02 0.721291122278816 -0.232392028333475
24.6 3.79181646133569E-02 -7.35100895764867E-02 3.64203805939421E-02 3.03178004111906E-02 0.576370098911624 -0.360610475701378 0 0 -6.90267306389176E-02 5.86390035808274E-03 0.519305888194573 -0.460496811663469 6.03346630625155E-02 -7.59422660847315E-02 -3.23277271797859E-02 4.27103181357711E-02 -0.291796220484464 0.734418297082109 0 0 1.31732357287582E-03 4.73763739391858E-02 -0.407521432742628 0.658527523230548
24.8 2.56858892648137E-02 3.85727886365856E-02 -0.056935506222565 -2.24774425824168E-02 0.511347153889277 0.444680892078651 0 0 -3.38930338916585E-03 0.129936641621831 0.598087741200231 0.350078344353101 1.48764641465506E-02 5.94592152320113E-02 3.90937377827644E-02 0.104234649882091 -0.274326277919902 -0.730887082753657 0 0 -2.73854280116795E-02 -4.64200941816306E-02 -0.134083971247563 -0.756109835070826
25 -0.05866336836546 4.47499411516186E-02 -4.91121098462807E-02 0.044976611571589 -0.260457173501754 0.625427565718197 0 0 6.08847362950822E-02 2.34797389114085E-02 -0.150209911936692 0.683581733433604 -1.26497200106639E-02 -3.07607848800673E-02 4.60661214032682E-02 -2.29434261891982E-02 0.698084589359384 0.357810890737782 0 0 -7.17564978869279E-02 7.50826104344871E-02 0.601941207503879 0.459170701394893
25.2 -5.30315594483023E-02 -8.63430699032403E-02 -0.194397528959717 7.81814488582225E-02 -0.648861136003952 -4.69647176885072E-02 0 0 -4.74348262233672E-02 -2.98787301428566E-02 -0.668624580506417 7.88581288578079E-02 1.46656259654699E-02 5.59641470240649E-02 -9.60350906001661E-02 -2.51285242320519E-02 -0.753141511123234 0.229852317798306 0 0 -0.182260943992973 4.60526863941671E-02 -0.759914663455783 8.50989927557797E-02
25.4 5.56686337272365E-02 -0.113777121523255 -0.112932497296634 6.02037912238362E-02 -0.156832880822079 -0.658821198210057 0 0 -7.03361653737761E-02 -0.119060088482226 -0.279529920569261 -0.63540521279895 -6.84974165800313E-02 -2.46968117771383E-02 -0.079150891413666 -7.32440536738488E-02 0.416557813439578 -0.664287295107774 0 0 -0.11911464315868 9.55772174730405E-02 0.513928073965951 -0.556853510380878
25.6 0.107426320056699 -4.37470941710761E-03 -0.208665161993157 0.105604310256424 0.540277835499199 -0.317134067139533 0 0 -7.62961976418371E-02 3.19285479105186E-02 0.495251682640843 -0.441521434980194 6.24805661135594E-02 -5.50128614548324E-02 -0.033433251894185 0.050906298609308 0.155820100613261 0.780985823928836 0 0 -0.211604128691274 7.39654800332418E-02 -1.74107832808873E-04 0.753960396306631
25.8 -7.34870896574384E-03 6.79613751376972E-02 -2.56001469991662E-02 -3.86938707507435E-02 0.527087187892674 0.430604903700864 0 0 -5.34393266575345E-02 7.72704301177588E-02 0.604894205053387 0.331249253013189 1.32562364651917E-02 5.41034206086519E-02 -2.54633747350348E-02 4.11159612209288E-02 -0.631397032431358 -0.457939553986933 0 0 -1.38689369811899E-02 -5.92160161165338E-03 -0.52931522361012 -0.560030882850971
26 -0.074977756433846 -1.62206434373768E-02 -1.63718107077041E-02 0.125659182253596 -0.227550123864256 0.597095292847816 0 0 -0.021760524281218 9.35192232327112E-02 -0.121673037498048 0.657622848344447 -6.02279705467278E-03 8.63863699269549E-04 -4.99883833262929E-02 5.95585670278849E-02 0.761301281642179 -9.18423520751352E-02 0 0 -3.53446204218802E-02 9.89397322116449E-02 0.733320352163558 4.26563873048608E-02
26.2 1.52690735992407E-02 -0.136115881766878 1.01465157354626E-02 -2.44818672384789E-02 -0.656166518840895 -4.88973259032313E-02 0 0 -2.03068204720941E-02 8.47162680972517E-03 -0.654938151313106 8.38958869014104E-02 -1.73329312168952E-02 2.13892143358522E-02 -5.94180278469105E-02 2.63560950938257E-02 -0.495028209636394 0.568140601066616 0 0 3.42946124766753E-02 -2.45378320861731E-03 -0.596646251952456 0.451787183284591
26.4 0.143360332835272 -9.26553035720759E-02 -1.70777048840937E-02 0.162856945099859 -0.12990199199514 -0.584530772965756 0 0 -0.149696471747041 9.48327312992795E-02 -0.252937308588534 -0.584349613691971 -7.95879787278449E-03 -5.91266658808145E-02 -0.141608684389471 0.131737937363061 3.73691169749723E-03 -0.707921808012647 0 0 -4.43365788183738E-02 0.148929296707118 0.121444363840274 -0.654535769894156
26.6 0.151332784776364 6.39088597783895E-02 -0.193135079527838 -7.41761898571174E-03 0.499849795992336 -0.329166789225109 0 0 -2.12549538004413E-02 2.45836374708425E-02 0.449423892866283 -0.434405608542251 7.41419109735125E-02 4.09427592461762E-02 1.80093237913243E-02 2.84509694249049E-02 0.50953639336874 0.55984203172933 0 0 -0.165172197701169 -3.4046951932064E-03 0.375016653995697 0.619491887830155
26.8 3.61003308695406E-02 0.168565686745645 -0.107831034559122 8.92912256704026E-02 0.448639841090467 0.432370973206561 0 0 -3.36225291187238E-02 5.52396732583179E-03 0.547108918214738 0.347396944113288 -7.73429409452548E-02 7.04927642821808E-02 -1.67918063084876E-02 -3.12278671339273E-02 -0.753389570687959 -8.93421766423349E-02 0 0 -0.136473504156205 8.95188590961831E-02 -0.689421091100423 -0.228383613441718
27 -0.103628272638005 7.87932044230615E-02 -0.214096880835463 3.97685863154295E-02 -0.252497141360281 0.538662501993911 0 0 8.11785848053552E-02 -3.43963910351894E-02 -0.147849139571021 0.620639857106906 3.05662188358274E-03 -7.53618224944736E-02 4.87493421257562E-02 -6.02648494895341E-02 0.622741387480617 -0.441538919761706 0 0 -0.189861989954815 3.21641739252491E-02 0.65835365099172 -0.287922796140334
27.2 -4.44551911189046E-02 2.92408833305763E-02 5.05179757269147E-02 -1.57468074990895E-02 -0.651056083163288 -9.95712796108169E-02 0 0 -9.13076647115832E-02 -5.54445641247806E-02 -0.653260405266717 5.41502036234535E-02 2.77787626271767E-02 3.99302139434424E-02 -0.121838016618128 -2.79349363397702E-02 -0.118714149089629 0.725604915097974 0 0 2.84478736744161E-02 -3.66204378969742E-03 -0.284717870272332 0.681301893747917
27.4 1.01264969189309E-02 2.60792489055914E-02 -2.96301048466266E-02 4.07067915906042E-02 -8.47402525432926E-02 -0.646891049948506 0 0 -8.61914942537821E-02 0.164899082139804 -0.238618192378131 -0.647245162821914 -4.61686887153328E-02 -2.30455765491662E-02 -6.55623928534884E-02 0.1979099888446 -0.401998820637364 -0.628335607180071 0 0 -1.12718019450712E-02 2.59958223886843E-02 -0.238954686984932 -0.661516286516107
27.6 -3.61405893302702E-02 4.22336433133524E-02 0.114656486457713 1.83305717216908E-02 0.594072429012797 -0.288068392673637 0 0 -6.34203920544421E-02 0.139028656154386 0.514416826939859 -0.442372993536052 3.57141752360207E-02 -1.18449127017749E-02 -0.025150584189426 0.127387306843997 0.755917437051509 0.168692810269312 0 0 0.100422100928462 3.35293059394687E-02 0.668703223624751 0.346521539172073
27.8 -7.22335897743451E-02 -2.92961048038978E-03 -1.67677981458599E-02 0.105573303394701 0.483195250141233 0.458950392209547 0 0 2.82584274192843E-02 0.206755922493253 0.611456896584009 0.362129408350338 -3.49753798010524E-02 3.82041578959034E-02 2.90328366371921E-02 0.172384259860583 -0.662784107818552 0.349032903924715 0 0 -3.73993330439617E-03 8.99619600458102E-02 -0.680237873773562 0.177523611554738
28 2.33477425347824E-03 -5.93851284858878E-02 6.31137825564635E-03 1.53850854151178E-02 -0.288061531648604 0.609322209788053 0 0 8.81770661649572E-02 1.40769296196027E-02 -0.117776871062698 0.703865041397139 -1.34810276738346E-02 -2.30581763952514E-02 5.51014779523804E-02 4.9485085867472E-03 0.210475103670693 -0.719577701844633 0 0 -8.26566119373728E-03 3.40742182118749E-02 0.37534248380513 -0.601706761676287
28.2 6.80128078419694E-02 2.56797035468179E-03 -0.097552830857109 5.65827116358209E-02 -0.664928862112329 -3.22611010390574E-02 0 0 -5.13280012714913E-02 3.64538160982425E-03 -0.66593457474538 0.135978776935522 -1.94149365213233E-02 -1.49112290706897E-04 -6.76164028418657E-02 3.21469938285746E-02 0.345311071475995 0.612223051793888 0 0 -8.67811130962816E-02 2.88632554254674E-02 0.176889780834756 0.664903833172486
28.4 6.2365475253006E-03 0.107464742244525 -0.073161448424335 -3.87081890724599E-02 -0.166567436610256 -0.589379850840169 0 0 0.065929430158685 3.83159182622179E-02 -0.329489506652244 -0.562168140712139 5.96795298513898E-02 -0.062679417149667 8.72830674208391E-02 6.59365466271728E-02 -0.62661295977413 -0.24456413702033 0 0 -7.27216382657786E-02 -5.77925799464751E-03 -0.51741982129908 -0.369366605199399
28.6 -0.150419889267719 0.126612054559986 1.02147129404257E-02 7.08653026129674E-02 0.499546750969068 -0.338068411225702 0 0 1.87147685692173E-02 9.06338508026665E-02 0.38537521252473 -0.445606669035082 4.06437558596116E-02 0.143090236246694 5.51587476598452E-02 7.55631940457661E-02 0.607044333199044 -0.217950375373581 0 0 3.96016188937413E-04 0.041214140808071 0.659088148678146 -5.37065126202909E-02
28.8 -0.207269907284614 -8.34498748627853E-02 0.07076437535604 2.85272185543919E-02 0.410132202160198 0.382650731516834 0 0 8.32874159746806E-02 0.192829947095963 0.50407022816058 0.286382202082043 -0.218827232754208 -2.25403495466886E-02 7.44874442053926E-02 0.153803596377599 -0.345222583775353 0.539206470503766 0 0 8.78019913455897E-02 5.52865044869465E-02 -0.437249622328904 0.42058974251084
29 -4.56210910716213E-02 -0.224646727816668 0.151684873015452 0.111506006014171 -0.248184513922105 0.485277597799078 0 0 -1.90589053495892E-03 4.56676808858675E-02 -9.66217878786457E-02 0.548174492274971 8.06920573306894E-02 -0.190030990671967 -4.32845199469286E-02 5.24336039988732E-02 -0.170322507899776 -0.609314463122185 0 0 0.128633513000307 9.11798549256475E-02 2.09276492310254E-02 -0.634678179881709
29.2 0.112713443874077 -0.144558148869449 0.110950770095662 8.64739660767994E-02 -0.553573852202089 -0.110486780920528 0 0 -0.106233611167232 0.174431618634149 -0.559179317261311 3.85646493318255E-02 0.130060095170156 0.158270390925229 -0.106308496046988 0.211065688394019 0.476888638580105 0.35802989478305 0 0 0.139259246083282 9.83144830480864E-02 0.369673935815376 0.469888798655195
29.4 9.43428377825381E-02 -2.45284409932742E-02 0.125709916879819 0.101956122809066 -6.81964890435216E-02 -0.563674473328469 0 0 -1.73548028768801E-02 0.103823130649093 -0.214870631672823 -0.535518749260934 -0.145288456388795 5.92515071494384E-02 2.06738813904749E-02 0.114029595769742 -0.659895132296591 0.054368049313927 0 0 9.63218477739173E-02 9.91911345665873E-02 -0.63556037779267 -0.11191921876591
29.6 2.97217550201077E-02 -3.25773443123791E-02 5.23799751260073E-02 3.54656303536767E-02 0.534974042401408 -0.262886582988109 0 0 0.031674217949169 0.19693368334056 0.450711804966379 -0.392023817923491 -1.38537417873775E-02 -8.50888894355038E-02 4.78319406548742E-02 0.166126952822772 0.439040239177526 -0.480188337401822 0 0 8.02915150524144E-02 2.96202745469444E-02 0.549324352269222 -0.350519998724141
29.8 0.085966599215609 -0.107547919883617 0.066192887917274 -2.30842636684185E-02 0.405195905509166 0.389901509764429 0 0 0.255983177178795 3.94367849805208E-02 0.495444968059044 0.298914762487279 0.017787521435968 -5.77052178591842E-02 0.233855404525503 1.91405163447066E-02 -3.53104430700781E-02 0.604367941015365 0 0 4.27486189069327E-02 -9.95691567268852E-03 -0.165513366744737 0.565846508925706
30 0.24216776020496 -1.44790110191347E-02 4.59268593569298E-02 -5.89567197286261E-02 -0.274644811145496 0.518535770967756 0 0 5.69657778164931E-02 4.12559961896188E-02 -0.113484789122023 0.559125665577134 0.143868206448225 -4.14232649456614E-03 3.07764954046286E-02 6.24790831128631E-02 -0.454317883671163 -0.463322368288432 0 0 6.37614852349062E-02 -7.57696135928324E-02 -0.307369300741788 -0.58469149154843
30.2 0.262387267845884 0.215277330008371 0.134057042380119 -1.87191751159428E-02 -0.556910421958871 -8.84626128090733E-02 0 0 8.53860455941293E-02 9.45879289795294E-02 -0.581059793667164 4.17010969091752E-02 -9.00722864364363E-02 0.221002978945361 9.78540668639394E-02 0.122734836785422 0.644090549399199 0.083273895227049 0 0 0.121916970333525 9.59115719020964E-04 0.604585191641804 0.2203701435888
30.4 -1.94236911621027E-02 0.34532952471338 0.166171345701476 -4.1960840819742E-03 -8.73919851357018E-02 -0.551387630504058 0 0 -8.96482394329612E-02 0.160034528772809 -0.237475817355797 -0.48372170038144 -0.197382641575805 -0.172332722209531 -6.23620361161066E-02 0.154363655625457 -0.467627069771011 0.402588866633003 0 0 0.173917190773591 -2.33387934663499E-02 -0.579247186503778 0.253233246916354
30.6 -0.253113847045813 0.184943332510555 0.146700288619551 0.114749390943729 0.456647291976827 -0.282704155879263 0 0 0.107600328893076 0.201162511288531 0.415410199309802 -0.352723245856256 0.229813198604707 -7.78387033483508E-02 0.108959061029215 0.17714933439157 0.13303690539611 -0.596189215070483 0 0 0.145507093607526 0.133743269002388 0.211723093175604 -0.558077394365746
30.8 -0.229180685601485 -6.80705586878402E-02 0.142725900157144 0.013168976106778 0.356672336517845 0.368265946016599 0 0 -3.50738498076166E-02 -4.70509187028126E-03 0.462113286996934 0.272163156664725 -2.22512022416452E-02 0.211691251959771 -0.059632364091541 -8.87898506281372E-03 0.396516582428098 0.474133495306489 0 0 0.142797422237478 -4.66383309608433E-03 0.23931481775002 0.546010849545505
31 -0.052358456828991 -0.137520084880434 0.132230043027401 0.112143500375528 -0.218734646149809 0.445488629161604 0 0 0.095969904208812 7.78126878707667E-02 -8.48858750226978E-02 0.509355111605042 -0.101352982866461 -8.66329851788055E-02 8.32461915378312E-02 9.70827286304862E-02 -0.597139320880555 -0.126796786904563 0 0 0.137421621862856 0.127547560984017 -0.515982381479614 -0.279315122837852
31.2 3.77818776893997E-02 -2.77683801507275E-02 6.50466473500421E-02 -9.89635309674976E-02 -0.46411528653448 -7.95230525974707E-02 0 0 1.39005258401099E-02 -9.78446573139995E-03 -0.477877066144061 2.66142449428763E-02 4.06652178055769E-02 8.8689035620705E-03 2.70386539066573E-02 6.68512149888728E-03 0.507915824067686 -0.261596221887031 0 0 5.90146754158211E-02 -0.112848686446988 0.545217263229063 -0.139962249729908
31.4 -3.74856680906165E-02 0.02800547787661 0.198836795661519 -2.30805547230219E-02 -7.67943921802447E-02 -0.466546635111547 0 0 0.166869564241244 0.259133988821394 -0.198773626458718 -0.40243011100117 -4.64568504895453E-02 -4.00682177173025E-02 0.180481663780646 0.251012098343709 -0.120626592242993 0.467174377285352 0 0 0.208555826986564 -1.26243475680312E-02 -0.263578795244608 0.434781213927162
31.6 -7.41271352377485E-02 -7.36718327147935E-02 3.72905458040428E-02 -9.15015210196111E-02 0.4186431947073 -0.164701227676247 0 0 0.219224830854899 6.43776308885069E-02 0.373665042685786 -0.25471928103366 0.131576910968855 -1.65524140553453E-03 0.217622849978725 4.64191656469985E-02 -0.172189843615026 -0.50721279508805 0 0 2.78290771832966E-02 -0.10120417676784 -0.053877225064584 -0.527191697290125
31.8 1.47376080070002E-02 -0.148071774396807 0.252192972430071 -1.65913935637205E-02 0.304120906315843 0.307667743780001 0 0 4.02139976340249E-02 0.133853495585649 0.352522267500006 0.232582993970143 -8.37660452919157E-02 0.142003834323755 2.15252242499597E-02 0.130365234946065 0.490381595023366 0.222676634465675 0 0 0.263063930754326 -1.03570904655212E-02 0.442892422598174 0.326710639234624
32 0.117866886519284 -6.57705095846841E-02 1.67861061549384E-02 0.103230682210032 -0.229262830329202 0.401828296353239 0 0 0.1020546808334 -0.100352065963154 -0.133693931021858 0.460021433941638 -4.66264483459283E-02 -0.159126531643482 0.092167410394837 -8.73195892863561E-02 -0.538274684588197 0.115932029200758 0 0 3.92177990571527E-03 9.93691271925864E-02 -0.535118986129289 -1.55667649520169E-02
32.2 9.92056818410894E-02 7.30954184733732E-02 0.165085504154863 0.029950044095399 -0.447043884891218 -7.62127323672571E-02 0 0 -0.150413308249137 6.88485848668015E-02 -0.439675584090735 0.013549108196906 0.133658324042673 3.50651483755055E-02 -0.139748665146737 8.14867397419367E-02 0.248860296328288 -0.408406385489311 0 0 0.179508225109907 3.23982686759305E-02 0.332473369303461 -0.363698592424613
32.4 -8.32057090242458E-04 8.71526593010915E-02 -0.04193526197597 0.147761762902661 -6.30492129779092E-02 -0.435759049652155 0 0 0.115578246747648 4.02642762831212E-02 -0.157900940375381 -0.408160120673222 -8.01169829715007E-02 5.40845556423618E-02 0.134274234723301 3.24621500456385E-02 9.61980024179815E-02 0.533921410097342 0 0 -5.53885319443266E-02 0.14970539065675 -2.43968771017239E-02 0.545306372610954
32.6 -6.16643640556501E-02 6.68019035726977E-03 9.59212006527314E-02 -7.14732930758904E-02 0.397355828337538 -0.206940393159257 0 0 7.26472925062652E-02 -4.86299433892693E-02 0.356873032899578 -0.276587279958189 3.54329184359215E-02 -6.27348757629183E-02 6.98197056372063E-02 -7.01867074373361E-02 -0.415055090196877 -0.315696946952573 0 0 0.111464547125551 -7.70057716289117E-02 -0.347335838371934 -0.379917395507816
32.8 -9.34671720386292E-03 -3.11478514869764E-02 -9.47655432332742E-03 6.47955753982252E-02 0.30032050429604 0.309877964903106 0 0 0.265411206176227 7.93429803756723E-02 0.356437173436465 0.228730147049282 -1.09697527851191E-02 6.01247540819865E-02 0.247151873941106 7.49614248508604E-02 0.463398347935233 -2.11708491947909E-02 0 0 -2.19723927920146E-02 7.40216396065043E-02 0.464452146468721 8.78370355754052E-02
33 0.044438474509372 -1.66159560590651E-02 0.122987698402388 -0.145231909298207 -0.195849429669969 0.384412833296361 0 0 0.046563282492652 -8.10625684018559E-02 -0.116305580929433 0.433001819017425 -2.99307229186008E-02 -5.71380372730959E-02 3.89047816427788E-02 -6.02557241259707E-02 -0.331996296121918 0.359492786753479 0 0 0.13410812579564 -0.158659679030191 -0.384941234905674 0.271467479268413
33.2 -5.07765071870419E-03 1.05849676230337E-02 6.29092703971185E-02 5.91891741446071E-02 -0.419780970532938 -5.96779967713965E-02 0 0 -9.22886736145363E-03 0.13910959602169 -0.40815119892921 3.71489957608081E-02 0.04972724875119 1.80481535407241E-02 1.05555622821348E-02 0.15310355009174 1.93697942065056E-03 -0.468238726640303 0 0 5.68022307186167E-02 7.49365449875538E-02 0.113017213546902 -0.472356282989617
33.4 -2.89463660617828E-02 -6.33494868949729E-03 7.58632834020518E-02 -0.110794090342211 -7.52454896531126E-02 -0.416971541707085 0 0 8.50791158962823E-02 -2.83193309068418E-03 -0.156426305556142 -0.40282800324799 -2.65595818834558E-02 -2.53377788988721E-02 0.103423497543497 -1.98926596463243E-02 0.307443736585837 0.362159844581884 0 0 7.79521015128439E-02 -0.129098468905232 0.229083817261573 0.405645848886355
33.6 3.26179182969473E-02 -0.067939649223755 0.015170565341645 4.68473752350159E-02 0.36532546078018 -0.195754439829779 0 0 -7.37301208631752E-04 4.32076124925306E-02 0.316512967230056 -0.256776046436238 6.69944928671127E-02 1.03894512284736E-02 -1.26075094101609E-02 2.02151951095911E-02 -0.44992582524556 -7.45997548190037E-02 0 0 1.78778657385509E-02 6.50497094636723E-02 -0.43543670356431 -0.160403643825299
33.8 7.40211165649436E-02 -5.11554703323832E-03 -3.59179929709302E-02 -7.63340291459563E-02 0.287675220253151 0.270071267775979 0 0 0.228405151511741 -0.132534103797941 0.329412219468685 0.218733795505669 -8.06472748562355E-02 7.24859032205416E-02 0.205686299513499 -0.124208230455877 0.352203829423062 -0.235106358075597 0 0 -4.47057107434563E-02 -9.29604699577494E-02 0.382621382958575 -0.170352656421071
34 0.051224986289457 8.94106882728745E-02 8.49050041392958E-03 1.20501223276607E-02 -0.183178070358885 0.351801019504293 0 0 3.02133436217782E-02 -0.145056937610406 -0.130572481145791 0.393138022963343 -1.32809519429703E-02 -0.135882415822335 3.18257066661613E-02 -0.11902988428706 -0.133795782418381 0.424205708543512 0 0 2.08004266847527E-02 2.68407764457633E-02 -0.195084793623233 0.382688428082345
34.2 -1.68724664679906E-02 6.65439226849339E-02 1.21055417622848E-02 -7.77612710788609E-02 -0.366772111190925 -7.02654749598882E-02 0 0 0.108515594835157 5.98259344377017E-02 -0.381733366107973 1.81375053672806E-02 0.127533483833263 3.85156521277397E-02 0.135042852331367 6.13891302976614E-02 -0.199640474321436 -0.370627871170419 0 0 -3.86884542503888E-03 -8.80265817868581E-02 -0.106220670557527 -0.399226522162918
34.4 -4.99008513440949E-02 -1.06091271627354E-03 0.129973782086123 5.83069992109467E-03 -4.09112745403217E-02 -0.37210405230436 0 0 4.78879948870148E-02 -8.6224772234575E-03 -0.121619086260473 -0.374011899403715 -7.07763400512048E-02 5.78171566816803E-02 5.48076132111199E-02 -3.54808986261856E-02 0.41522606155155 0.158600174283161 0 0 0.148320009208089 1.10020399101094E-02 0.356586001414769 0.225259588535615
34.6 1.22852402660619E-03 -1.75117142262438E-02 5.15307404268243E-02 -1.96602559855466E-02 0.342096334862023 -0.15627280553812 0 0 5.71430273756398E-02 0.159385423927272 0.30532239515967 -0.224927842727835 -0.019533586632247 -4.55552080132382E-02 3.32950746584157E-02 0.145576390218046 -0.393315038283274 0.139770854866336 0 0 0.032431229880896 -1.89778202163762E-02 -0.409646439665877 5.40929639796455E-02
34.8 2.70034689411731E-02 2.04626022922825E-02 0.15141145508692 -1.03116203762304E-02 0.254030956199309 0.270812783729895 0 0 9.16929602183534E-02 -9.74388268050316E-02 0.315279893093003 0.21650055758833 -3.74814224811712E-03 -5.69973691458657E-03 7.47040961654572E-02 -7.61575159045405E-02 0.194756942598076 -0.386715223311256 0 0 0.169255483608823 -1.65491155669992E-02 0.264985760366588 -0.327063030770591
35 -2.30247888688536E-02 6.25840940376251E-02 -1.29114270707785E-03 -1.73031921571158E-02 -0.17068656381703 0.319336384709577 0 0 -0.047436113970309 -2.82671449779341E-03 -0.112123744568407 0.356090255406367 5.89618225327884E-02 -5.31287342236137E-02 -2.91320370523251E-02 1.77779511484404E-02 0.115769351799501 0.407388580520628 0 0 -1.64490174752245E-02 -5.64292830804237E-03 3.42087834243157E-02 0.407531183841463
35.2 -8.26913646114278E-02 1.47485494035116E-02 2.71238225241081E-02 -7.61003632554033E-02 -0.353031263947111 -4.47756641999456E-02 0 0 8.18525113388111E-02 -4.98873275520332E-02 -0.358854514359327 2.11685402549909E-02 3.42146387461756E-02 0.105657566957214 0.106872725405421 -6.44578428783525E-02 -0.352577006952993 -0.200989543147889 0 0 3.72985746423718E-02 -9.22871111117315E-02 -0.309892531993933 -0.261278534391187
35.4 -4.08756869225798E-02 -4.26463251901838E-02 -0.042830478957145 -3.05715878100068E-03 -5.44044142971923E-02 -0.327889754787141 0 0 0.100778508795688 7.66334605294071E-03 -0.135536221247131 -0.321576692423727 -0.137384869094266 -2.27145269638619E-02 8.95908401472958E-02 -1.87037433476444E-02 0.389952721278838 -0.101645524474222 0 0 -4.70736758738139E-02 1.46492938225518E-02 0.38419960843889 -1.05319063464756E-02
35.6 8.88940226208837E-03 -4.24494043842165E-02 -3.88369700951768E-02 -7.50419956538046E-02 0.27157943122273 -0.151608179319272 0 0 0.206312737899977 -2.93332471064463E-03 0.236345935712671 -0.19844771458875 5.88998381596284E-02 -0.09851077778594 0.180212297839975 2.30592672334362E-03 -0.194209285973739 0.290103943858312 0 0 -4.12477680097015E-02 -9.31542155428774E-02 -0.244826528700763 0.247485344367569
35.8 1.49128595489091E-02 4.0574151062605E-03 -3.40550590464378E-02 2.49938809705522E-02 0.203815317245942 0.213608591428005 0 0 -1.85501337726284E-02 -0.100566555099256 0.267951122247608 0.178759128285093 4.37163515795275E-02 6.89706868194259E-02 -1.71954811614607E-02 -0.074988180240039 -4.98298981358251E-02 -0.361810027188012 0 0 -2.66147604041875E-02 4.04763444434506E-02 2.99310314683352E-02 -0.334575058571736
36 -3.22117579315663E-02 -1.32252145544107E-02 -1.47903036319252E-03 8.80194875780875E-03 -0.131277594140344 0.250614789802742 0 0 -1.31675384380609E-02 -5.25411757482234E-02 -7.84337137324055E-02 0.27785780196284 -2.94558448013914E-02 9.55554153162859E-03 1.48686681624637E-02 -4.80132298293564E-02 0.247492336367987 0.219712325848127 0 0 -1.42290877167825E-02 -2.23385583570627E-03 0.194524193408083 0.260657818272289
36.2 -1.58235603549239E-02 -5.65503129364808E-02 0.039114596044383 2.22868962678326E-02 -0.263974605263328 -6.44474675667783E-02 0 0 -0.125219805022536 5.07033520011724E-02 -0.282085804634742 -7.30326479692399E-04 -7.30232621768663E-03 -3.40277936159105E-03 -0.117300584996467 2.70012505227486E-02 -0.319437359661511 -1.34145091309786E-02 0 0 5.35272512670019E-02 2.83968666611083E-02 -0.295745873001751 -8.59000937749047E-02
36.4 4.46315346587749E-02 -0.065328626380991 5.94695959811485E-03 -1.91209772889501E-02 -1.44286114335774E-02 -0.26690392826519 0 0 -5.78085026759708E-03 6.01181375980352E-02 -8.01066841807704E-02 -0.262153521108004 -1.08934512899241E-02 -4.17697366086128E-02 -2.90844528062233E-02 0.047717484084839 0.251004902863439 -0.204580884559762 0 0 -8.99844118774913E-03 -1.92648649080993E-02 0.284645635009021 -0.136153819167381
36.6 0.075076044806468 -6.79048310350697E-04 1.91055729270885E-02 -8.17414237712367E-02 0.237502058297455 -9.02506957103482E-02 0 0 -4.14927037534054E-02 -5.19854282720661E-02 0.215353890859895 -0.12749900664057 7.03775691323838E-02 2.89944912747564E-03 -5.39708881017663E-02 -3.09161197285483E-02 -4.63855906176314E-02 0.287298168224209 0 0 3.22930553983865E-02 -8.57016662629139E-02 -9.54147858756012E-02 0.279181221944772
36.8 1.75277910059018E-02 0.050841066473831 6.98226506866639E-02 -5.74299784231794E-02 0.136266110845697 0.221646551901112 0 0 4.17256703985595E-02 9.17580477608015E-02 0.201584269338041 0.190156531266191 -4.08411386659998E-02 6.33704388018111E-02 5.76049665684329E-02 0.109533567100338 -0.149157061773714 -0.285763507509547 0 0 0.059250263666436 -4.95793873058312E-02 -6.32107113618679E-02 -0.294659723083137
37 -1.17144563148924E-02 3.35087289449753E-02 -9.03400046291096E-03 -8.57402723722961E-02 -0.146703669174779 0.208336098067194 0 0 -8.85172757472328E-02 1.77142849791926E-04 -0.108166272732324 0.224143638128725 -2.56750605327992E-02 -6.04993399746381E-02 -6.97004839049478E-02 -1.26868397082064E-02 0.275631535372791 9.30318759913909E-02 0 0 -2.07142767926109E-03 -9.59450517947779E-02 0.264385124345554 0.140690697549797
37.2 -2.91211552429558E-03 -1.75132712164671E-03 2.81032724398212E-02 -1.16287224491291E-02 -0.224073090785898 -0.11263301721131 0 0 -4.94302634364552E-02 0.17113376058445 -0.260847319912932 -5.60561349249022E-02 4.18124220342291E-02 1.29701463967022E-02 -5.84743537232252E-02 0.153025322856049 -0.280918271196525 0.113488080038004 0 0 2.44275035222617E-02 -4.50750740177886E-04 -0.282458237504919 3.76609436594786E-02
37.4 2.05619779190413E-02 2.64699653879275E-02 -0.042550605768322 7.30123564651422E-02 1.51691750344056E-02 -0.261341550436708 0 0 -8.06930904331273E-02 -7.23882301276218E-02 -3.82415967879805E-02 -0.249158918978019 -2.14803173916978E-02 7.34314120033974E-03 -0.100764426425221 -6.58969108702655E-02 0.122497105669654 -0.271235174901351 0 0 -4.33734735332632E-02 6.19166505726695E-02 0.183187350933156 -0.248781951328537
37.6 -2.76188855117609E-02 5.88295257449947E-02 2.67109275677836E-04 0.052108353256414 0.247186844771205 -5.34855011459734E-02 0 0 -0.11777919008288 -5.10400520971013E-02 0.227510922013579 -0.105197280965095 3.08088240499361E-02 -7.99937050706765E-03 -0.116391678916628 -3.07439569246293E-02 9.06662853858513E-02 0.280630986014962 0 0 3.51179305414083E-03 6.20074458246989E-02 2.76045325882854E-02 0.294871107097891
37.8 -8.51919394748893E-02 4.33211777250973E-03 -1.90954791557841E-02 0.111914131759304 0.113338811520997 0.197273512826536 0 0 -8.72942364877856E-02 -0.12072886034576 0.164078077157242 0.174133368955683 -2.71814061935648E-02 3.10901205907952E-02 -6.72328475324725E-02 -0.119964868687914 -0.251791226885374 -0.135356457781126 0 0 -2.54067997332795E-02 0.104306261550108 -0.203246746274748 -0.181684578700761
38 -5.07586903261279E-02 -9.19613459563321E-02 -1.70490441253346E-02 -1.21772409966883E-02 -0.150708819982697 0.1841241665432 0 0 -0.196536374890493 1.18600163228765E-02 -0.104950310347383 0.190301478337751 1.48427290132647E-02 -0.031173856215014 -0.192694631826761 -4.8837042621284E-03 0.231298146429003 -5.76918523466413E-02 0 0 -8.66970774542469E-03 -7.37907613057124E-03 0.260086807124802 -1.50690379550723E-02
38.2 7.09708858858759E-02 -7.99239020818071E-02 0.105475082116653 -6.37675873378235E-03 -0.184096176820396 -9.46849240016031E-02 0 0 -9.86622054827072E-03 0.133838247486674 -0.22044507204611 -5.68139926305104E-02 2.77535552618858E-03 0.046531221881356 -2.78158603676234E-02 0.125801013705966 -0.178966626895362 0.202261776052796 0 0 9.66585526506233E-02 -7.49144767056884E-03 -0.19955053795807 0.145215127912962
38.4 0.129936372908966 2.20865786322286E-02 2.78220265594731E-02 -1.97290009320826E-02 0.013498779759496 -0.226880164844762 0 0 -1.18216630325106E-02 0.128757721106786 -2.37043583344668E-02 -0.205356318044939 -5.74465427206844E-02 -3.73983193077142E-02 -2.06309098775005E-02 0.14501605241374 -2.32666418544753E-02 -0.237467055050153 0 0 3.62178752785442E-02 -0.021517791115665 2.00779783306709E-02 -0.261162036518721
38.6 4.04735119133356E-02 0.10848119191263 8.03252787075292E-02 -1.15388067081881E-02 0.204550529079839 -3.73623700181626E-02 0 0 6.24698154571619E-03 0.136961205585654 0.200843825660241 -7.61119083227903E-02 8.56897023194833E-02 -0.01720375709476 1.97841117872451E-02 0.146964914457133 0.159200998575045 0.180622858333563 0 0 7.38259957645031E-02 -7.12045615544993E-03 0.119115688308575 0.198013871982314
38.8 -0.063038601690363 0.086274021772113 -4.49317355304129E-02 0.116209111777498 0.104796688738384 0.158571208243049 0 0 2.43003307776848E-02 -1.87408000484874E-02 0.13111334959405 0.13253316927274 -4.11088373681042E-02 8.81656279533711E-02 3.59726530900596E-02 -2.96699505426281E-02 -0.219958834635219 -1.15522418603469E-02 0 0 -4.05372027974396E-02 0.110721667452152 -0.218604674640975 -5.72896159619599E-02
39 -7.94547016766508E-02 1.57394400068531E-03 -7.16488657255189E-02 0.10625618932378 -0.125280193862888 0.137723582105122 0 0 -9.37617363758607E-02 -0.060281617361171 -0.10496856906328 0.150040340843731 -5.44565670660005E-02 -7.62243736937032E-02 -0.102220217696518 -0.072454353821404 0.167193199560355 -0.114168562760328 0 0 -7.48211179502048E-02 0.112536390542911 0.183580798553178 -9.43204966129707E-02
39.2 -1.39013172021463E-02 -2.00567017757849E-02 -4.38898272155604E-02 0.179966036632756 -0.142362921232799 -6.86984008640941E-02 0 0 -3.72233935679309E-03 -2.34899300338226E-02 -0.158189973469051 -4.77577888720207E-02 7.87075665387584E-02 -1.42012062885528E-02 -1.76131060508787E-02 -1.63067169719481E-02 -6.25453132269561E-02 0.197664815130085 0 0 -4.28044412083055E-02 0.173932102014654 -8.74271969639406E-02 0.17705837439349
39.4 -4.38089384040756E-04 1.34278873288809E-02 -5.88026868195532E-03 0.128543691350297 3.28102619119456E-02 -0.158238157585327 0 0 -7.09171647466516E-02 5.61691223939775E-02 9.48694545387661E-03 -0.159969340518247 -2.54504917562124E-03 5.11488477015737E-02 -6.66689026311558E-02 6.96688541140876E-02 -0.080067555856758 -0.183298731031638 0 0 -5.96060117930595E-03 0.135486913468776 -5.25253333565119E-02 -0.194617809724549
39.6 -4.93803515703539E-02 6.42038338632705E-03 0.130758749688574 0.124502466256698 0.137066910579935 -1.7990428094169E-03 0 0 -0.108437971981885 0.248838507438333 0.151084896034259 -2.02931403675702E-02 -2.08239546548492E-02 2.60601915185876E-03 -9.63122231062673E-02 0.249038874026758 0.149797251357888 0.100061379603627 0 0 0.129149009208817 0.118283418122503 0.123022370322915 0.105863550111552
39.8 -4.86435689078835E-02 -5.98677271900267E-02 0.115514066915198 9.53361426327184E-02 3.60009758974723E-02 0.143210177514789 0 0 -0.106093592651337 7.78891174604853E-02 6.52941507406798E-02 0.134685254393797 -2.78011878202167E-02 -2.02953637396211E-02 -0.106387674457204 6.66164801356406E-02 -0.16694317291648 3.62990745410299E-02 0 0 0.118045130208064 0.102235505967629 -0.167802321391106 1.70127608582613E-03
40 4.88241659055633E-02 -0.078855973420248 0.166468471765112 7.57324839188518E-02 -0.120996472332648 4.23125828547767E-02 0 0 -0.160352472690187 0.25019375489502 -0.122491691094851 6.19754837037066E-02 5.95481153627398E-02 -3.45879189781837E-02 -0.171331640200203 0.245539932778184 0.143495334452701 -0.119695394128614 0 0 0.162473323487775 6.93671135533924E-02 0.149224829408538 -9.33704410647897E-02
