0.2 5.32002110863486E-04 -8.33865242714145E-04 0.107754815155613 -1.86737692477758E-02 0.107754815155613 -1.86737692477758E-02 -9.75020661102258E-03 -4.47728419612545E-04
0.4 7.56632300014923E-03 1.21591871956397E-03 9.97763093828254E-02 -3.07091578651788E-02 9.97763093828254E-02 -3.07091578651788E-02 -8.96008266030032E-05 -5.83880612701628E-03
0.6 1.14626112853285E-03 -8.02051628103637E-04 9.23943989027661E-02 -4.53309691823924E-02 9.23943989027661E-02 -4.53309691823924E-02 -3.39115581133339E-03 3.15949521419752E-03
0.8 -5.27814905865041E-04 -1.46582832475148E-03 8.54066868836298E-02 -5.64511651770259E-02 8.54066868836298E-02 -5.64511651770259E-02 -4.27547986604092E-03 -5.08702418823877E-04
1 5.20463208599757E-03 2.38980945443576E-03 7.69542007569091E-02 -6.86325887978656E-02 7.69542007569091E-02 -6.86325887978656E-02 2.61236865384463E-04 1.46535309775396E-03
1.2 4.05902861453362E-03 3.2872567896114E-03 6.22834429730997E-02 -7.99980099525269E-02 6.22834429730997E-02 -7.99980099525269E-02 -2.69554831858597E-03 3.72162772188474E-03
1.4 2.84252140284921E-03 1.69593032218256E-03 0.048116724718963 -9.01316908891909E-02 0.048116724718963 -9.01316908891909E-02 -3.50288719793798E-04 2.19367633953352E-03
1.6 4.72182379082251E-03 2.72437050460913E-03 3.58504859811403E-02 -9.60967421814303E-02 3.58504859811403E-02 -9.60967421814303E-02 -1.72919045326117E-03 8.23179868085959E-04
1.8 2.63305815117483E-03 1.7064924902478E-03 2.23666141900287E-02 -9.62676100105463E-02 2.23666141900287E-02 -9.62676100105463E-02 -3.95398700870802E-03 3.63065393985451E-03
2 1.84345476728612E-03 1.77122215744562E-03 5.26153505891123E-03 -0.100877621270153 5.26153505891123E-03 -0.100877621270153 -3.08240915572407E-03 0.00238730182393
2.2 5.89840253267071E-03 -7.63288366991004E-04 -6.55394672156476E-03 -0.100187498586487 -6.55394672156476E-03 -0.100187498586487 -7.04647257964587E-04 5.05927990785256E-03
2.4 5.48764571390705E-03 4.92932407391775E-06 -2.26131670097905E-02 -9.83664955678566E-02 -2.26131670097905E-02 -9.83664955678566E-02 -4.70959635652657E-04 2.63125392070231E-03
2.6 3.68894617536784E-03 7.21461627746895E-04 -3.55990937385727E-02 -9.42831600291469E-02 -3.55990937385727E-02 -9.42831600291469E-02 -2.78767317545112E-04 3.87303910077169E-03
2.8 5.16280560968997E-03 6.31707084948079E-04 -5.07992822557669E-02 -8.73890186435599E-02 -5.07992822557669E-02 -8.73890186435599E-02 -2.51609924369022E-03 5.01685242541551E-03
3 6.62130872584567E-03 3.07237396314179E-04 -6.39315161718795E-02 -7.91766344497529E-02 -6.39315161718795E-02 -7.91766344497529E-02 1.86552132981365E-03 5.20505040650227E-03
3.2 6.22301317412396E-03 4.41668864558096E-03 -7.45784581674438E-02 -6.93385701545535E-02 -7.45784581674438E-02 -6.93385701545535E-02 1.35686293059502E-03 4.28488386792232E-03
3.4 7.95344903050957E-03 -1.97825126733395E-05 -8.71233237919339E-02 -0.055951345613194 -8.71233237919339E-02 -0.055951345613194 2.55034294837127E-03 6.25805266735451E-03
3.6 7.20550846554336E-03 -2.17574940109087E-06 -9.28885518788877E-02 -0.042498607929598 -9.28885518788877E-02 -0.042498607929598 4.23140719193705E-03 6.81752831445501E-03
3.8 9.37296658228466E-03 2.31615481764918E-04 -9.78582576197528E-02 -2.89438514958246E-02 -9.78582576197528E-02 -2.89438514958246E-02 2.11573913868909E-03 0.006619437907331
4 8.41415503265705E-03 -3.29240174026386E-03 -0.099475954466144 -0.013720101970873 -0.099475954466144 -0.013720101970873 3.89665915325951E-03 2.61742782739736E-03
4.2 6.84734896082296E-03 -2.86065892826738E-03 -0.101416100725625 -8.20442385877286E-04 -0.101416100725625 -8.20442385877286E-04 2.5238861713737E-03 4.46710728305284E-03
4.4 5.52227503873436E-03 -5.7577988349244E-03 -9.91578243151479E-02 1.82729780367883E-02 -9.91578243151479E-02 1.82729780367883E-02 4.43915971717702E-03 6.78472630245395E-03
4.6 1.08230670596405E-02 -5.6537325807556E-03 -0.095628975850788 3.15248003296692E-02 -0.095628975850788 3.15248003296692E-02 2.44028355373979E-03 6.84530510940489E-03
4.8 5.80917904597831E-03 -7.85588212276286E-03 -9.22139083567182E-02 4.44008710932366E-02 -9.22139083567182E-02 4.44008710932366E-02 5.17284539351406E-03 3.96061159956503E-03
5 6.62684120980469E-03 -1.04903397788948E-02 -8.27767897172313E-02 0.056488274022321 -8.27767897172313E-02 0.056488274022321 5.29789091345849E-03 6.58722599159869E-03
5.2 7.73722599013781E-03 -9.51559081670196E-03 -0.074256382922915 0.069975116286479 -0.074256382922915 0.069975116286479 4.51159276240827E-03 7.02636392501512E-03
5.4 -5.15182409912196E-05 -1.02263529044637E-02 -6.27790784977701E-02 7.95230584679228E-02 -6.27790784977701E-02 7.95230584679228E-02 3.28317412650073E-03 3.31860034991698E-03
5.6 -4.80862722451283E-04 -7.52272772247401E-03 -4.87485313814428E-02 8.84682149301063E-02 -4.87485313814428E-02 8.84682149301063E-02 4.15720677797401E-03 0.001653262407912
5.8 4.75831826673343E-04 -9.1506536776437E-03 -3.54332768325746E-02 9.37716990713996E-02 -3.54332768325746E-02 9.37716990713996E-02 3.35423631101096E-03 4.17852239405208E-03
6 -8.44486758688933E-04 -1.22159219804496E-02 -2.34368744289074E-02 9.68825691477847E-02 -2.34368744289074E-02 9.68825691477847E-02 9.26420475623833E-03 4.1055794109691E-03
6.2 -7.63239026506988E-04 -1.22421131906388E-02 -5.87370997423664E-03 0.101832318732443 -5.87370997423664E-03 0.101832318732443 9.68869863734163E-03 1.77224157694767E-03
6.4 -6.16877342007346E-03 -5.70921955575946E-03 9.31286710594017E-03 9.99407540144157E-02 9.31286710594017E-03 9.99407540144157E-02 6.40801206459099E-03 1.06304166692887E-04
6.6 -5.11804041615534E-03 -1.18101235873087E-02 2.31963343856261E-02 9.68647833292853E-02 2.31963343856261E-02 9.68647833292853E-02 7.83401952320505E-03 2.09711385695926E-03
6.8 -9.67896942638083E-03 -9.24007775130741E-03 3.53283942276906E-02 9.39200322584482E-02 3.53283942276906E-02 9.39200322584482E-02 9.20053244984427E-03 -8.66170917701392E-04
7 -8.78919343108455E-03 -3.70722008315577E-03 5.20772253097133E-02 8.70486659414287E-02 5.20772253097133E-02 8.70486659414287E-02 1.05610196754365E-02 -1.5188528370916E-03
7.2 -1.19608580811746E-02 -5.50888149527749E-03 0.06169292068604 7.68777919272596E-02 0.06169292068604 7.68777919272596E-02 1.15336960678223E-02 1.64214589710038E-03
7.4 -1.45208312506536E-02 -6.64826750338019E-03 0.072831105943852 6.75638888445923E-02 0.072831105943852 6.75638888445923E-02 1.33382895018526E-02 -5.00567346465942E-05
7.6 -8.50791213860642E-03 -4.35150291374859E-05 8.19244636617072E-02 5.40185175565873E-02 8.19244636617072E-02 5.40185175565873E-02 1.60752151180803E-02 -3.68459392059706E-03
7.8 -1.15538128446649E-02 2.90407869996349E-03 9.25682325106383E-02 4.34133456729871E-02 9.25682325106383E-02 4.34133456729871E-02 1.28313279707873E-02 -2.71035230109261E-03
8 -1.23466604884727E-02 1.68953501655258E-03 9.66317516645535E-02 2.85457359860896E-02 9.66317516645535E-02 2.85457359860896E-02 1.47371861121387E-02 -4.04529217499695E-03
8.2 -0.010767911745332 7.25380042019873E-03 9.80897883145281E-02 1.49619441232391E-02 9.80897883145281E-02 1.49619441232391E-02 1.08692896990476E-02 -5.23236782944395E-03
8.4 -1.33483764141187E-02 6.73409537225705E-03 9.88371086116242E-02 -3.30279038064916E-03 9.88371086116242E-02 -3.30279038064916E-03 1.27855947271158E-02 -6.99582235412323E-03
8.6 -9.65272224097464E-03 8.66079637401774E-03 9.89197737256784E-02 -0.017515273705106 9.89197737256784E-02 -0.017515273705106 1.44592109479808E-02 -8.72521961049606E-03
8.8 -7.96497093349835E-03 9.59827666391887E-03 9.39304142569518E-02 -3.08626831529544E-02 9.39304142569518E-02 -3.08626831529544E-02 1.51010585060912E-02 -7.00508970443511E-03
9 -5.83764736756963E-03 1.47629263645057E-02 9.08849866689907E-02 -4.32399213763017E-02 9.08849866689907E-02 -4.32399213763017E-02 1.34779185326459E-02 -5.3157714026691E-03
9.2 -1.81265254871087E-03 1.43277607443576E-02 7.99722353184015E-02 -5.97826630439436E-02 7.99722353184015E-02 -5.97826630439436E-02 1.69533350220398E-02 -4.99797507626669E-03
9.4 -1.78109342458797E-03 1.49437032690292E-02 7.01365286034846E-02 -6.93521672342212E-02 7.01365286034846E-02 -6.93521672342212E-02 1.73874407569256E-02 -9.54320537266724E-03
9.6 4.10681257821935E-03 1.36836939968359E-02 6.22831983962116E-02 -7.98434032296211E-02 6.22831983962116E-02 -7.98434032296211E-02 1.81288626059041E-02 -1.13952864882914E-02
9.8 4.28141181824535E-03 9.44639568972553E-03 4.82799850068246E-02 -8.37291647936125E-02 4.82799850068246E-02 -8.37291647936125E-02 0.016368771520813 -1.14267194751254E-02
10 4.85461039444053E-03 1.26657362415604E-02 3.58307216649282E-02 -9.32027793386168E-02 3.58307216649282E-02 -9.32027793386168E-02 0.010922330544674 -1.51589739626367E-02
10.2 4.41822577137685E-03 1.34939813054662E-02 2.33558332153575E-02 -0.100615364719106 2.33558332153575E-02 -0.100615364719106 0.013365005523338 -1.33333410512766E-02
10.4 1.18008981757903E-02 0.012048400411874 7.95051581330981E-03 -9.89520448359687E-02 7.95051581330981E-03 -9.89520448359687E-02 1.29730591254259E-02 -1.28914298834736E-02
10.6 8.17093520947932E-03 7.30170318498145E-03 -9.54080864774259E-03 -9.84053574098233E-02 -9.54080864774259E-03 -9.84053574098233E-02 1.06775527679509E-02 -1.66802221372507E-02
10.8 1.22323068183522E-02 6.99831712740844E-03 -2.47760509195293E-02 -0.099179117205731 -2.47760509195293E-02 -0.099179117205731 1.25983081599406E-02 -0.016682288392882
11 0.010544876033591 4.23458452495382E-03 -3.89075211238464E-02 -0.092104694597927 -3.89075211238464E-02 -0.092104694597927 8.21397431257605E-03 -1.61695344282077E-02
11.2 1.51165822290305E-02 1.55277118858552E-03 -4.93274205691249E-02 -0.086089527339899 -4.93274205691249E-02 -0.086089527339899 1.06483518553495E-02 -1.91182612481077E-02
11.4 1.08739241433973E-02 -1.74932350803777E-03 -6.34229179844827E-02 -0.078408652470538 -6.34229179844827E-02 -0.078408652470538 1.34428131735283E-02 -2.05529017847871E-02
11.6 1.10177726696692E-02 -6.54953902142546E-04 -7.36579904672786E-02 -6.52190236786673E-02 -7.36579904672786E-02 -6.52190236786673E-02 7.06112480446254E-03 -2.11534023604432E-02
11.8 1.17705462595156E-02 -4.54378811894753E-04 -8.34751965547745E-02 -5.27936175248713E-02 -8.34751965547745E-02 -5.27936175248713E-02 8.65709246031002E-03 -2.25787535821761E-02
12 0.012805984256073 -3.04310373180662E-03 -9.04431261478355E-02 -4.20210020296726E-02 -9.04431261478355E-02 -4.20210020296726E-02 9.06471052305507E-03 -1.70409900686809E-02
12.2 9.65712325100443E-03 -3.94795868608806E-03 -9.76731842173258E-02 -2.84797734547685E-02 -9.76731842173258E-02 -2.84797734547685E-02 4.89991122568926E-03 -1.86621419952157E-02
12.4 6.78795109386199E-03 -5.56164071179221E-03 -9.64116700828476E-02 -1.21795109311229E-02 -9.64116700828476E-02 -1.21795109311229E-02 4.1731880594644E-03 -1.69556956176622E-02
12.6 6.08751999967394E-03 -1.48942334565704E-03 -9.98057655532049E-02 -2.77966390126762E-04 -9.98057655532049E-02 -2.77966390126762E-04 -1.02073583981338E-03 -2.10205086342503E-02
12.8 4.84553786823015E-03 -8.80147974836741E-04 -0.097138263933546 1.76733176619871E-02 -0.097138263933546 1.76733176619871E-02 4.04104229436368E-04 -1.49129769082169E-02
13 3.62575371551013E-04 -2.30410329961155E-04 -9.22356504380652E-02 0.029854075677959 -9.22356504380652E-02 0.029854075677959 1.71944280578984E-03 -1.98387404141617E-02
13.2 -2.31950276392296E-03 -8.67216314362932E-05 -0.086922054290014 4.48206924328719E-02 -0.086922054290014 4.48206924328719E-02 -3.72834760781339E-03 -1.69389709277227E-02
13.4 -1.71148994823086E-03 -1.0107634321707E-03 -7.89009157264429E-02 5.64196895237241E-02 -7.89009157264429E-02 5.64196895237241E-02 -2.83543657473242E-03 -1.71165146130135E-02
13.6 -1.12028913890253E-03 2.05759539067051E-03 -7.10648219308286E-02 6.68493898351523E-02 -7.10648219308286E-02 6.68493898351523E-02 -4.77218499585201E-03 -1.79527161216322E-02
13.8 2.20035775782481E-03 4.36266925718696E-03 -6.06073555423524E-02 7.69383670660325E-02 -6.06073555423524E-02 7.69383670660325E-02 -4.72039519105187E-03 -1.12527844120921E-02
14 -1.10570881982886E-03 8.23387053931798E-03 -4.99656831951623E-02 0.088268639717801 -4.99656831951623E-02 0.088268639717801 -8.82051694458025E-03 -8.57102602236909E-03
14.2 -3.19617372655023E-05 1.22029095097693E-02 -3.36671436014435E-02 9.23194933627939E-02 -3.36671436014435E-02 9.23194933627939E-02 -1.37719045827007E-03 -1.22783067833815E-02
14.4 -4.18300933380809E-03 1.15852053175912E-02 -2.09741229207915E-02 9.72337697688264E-02 -2.09741229207915E-02 9.72337697688264E-02 -1.41450617152901E-02 -1.16774379295489E-02
14.6 -2.68890848338836E-03 1.30041870132259E-02 -9.27193478737561E-03 0.097710409292933 -9.27193478737561E-03 0.097710409292933 -9.5736063038575E-03 -1.17706010281514E-02
14.8 8.90640095274233E-04 1.70986298560503E-02 8.40878283362643E-03 9.60102839382325E-02 8.40878283362643E-03 9.60102839382325E-02 -1.22640609674056E-02 -5.59852905435199E-03
15 -4.55084667044914E-04 1.10795774015744E-02 2.21441947052166E-02 9.53039923248166E-02 2.21441947052166E-02 9.53039923248166E-02 -9.48047902294462E-03 -5.86942827113157E-03
15.2 3.71560294569377E-03 1.56006192847585E-02 3.58880916163975E-02 9.05840153259463E-02 3.58880916163975E-02 9.05840153259463E-02 -1.04624972992491E-02 -3.84779691548102E-03
15.4 9.45985980282094E-03 1.47247434630659E-02 0.05014525885547 0.084167264488769 0.05014525885547 0.084167264488769 -9.4844659446659E-03 -1.66545126065477E-03
15.6 9.49157184095387E-03 1.40962655612384E-02 0.064528743977318 7.83376636825564E-02 0.064528743977318 7.83376636825564E-02 -1.13654306316694E-02 -3.73681951391523E-03
15.8 8.08817043649737E-03 1.30236228238449E-02 7.12480825955578E-02 6.57611695961337E-02 7.12480825955578E-02 6.57611695961337E-02 -1.29665566682946E-02 -1.12072259341107E-03
16 1.37923869958114E-02 1.48640089448375E-02 8.33915687294618E-02 5.47083275833532E-02 8.33915687294618E-02 5.47083275833532E-02 -1.56024298171064E-02 -3.35464080661911E-03
16.2 1.63797925296829E-02 6.28905347235233E-03 9.12184273951589E-02 4.12154232610996E-02 9.12184273951589E-02 4.12154232610996E-02 -1.46416804714283E-02 1.81536895755849E-03
16.4 0.011801834790544 8.20057825745069E-03 9.61629819861043E-02 2.92680526941114E-02 9.61629819861043E-02 2.92680526941114E-02 -1.34725726669527E-02 2.3719022471944E-03
16.6 1.73753139935712E-02 4.42528597207866E-03 9.76782328656164E-02 1.19078085826176E-02 9.76782328656164E-02 1.19078085826176E-02 -1.09172345635972E-02 5.95947064992162E-03
16.8 2.00990816823727E-02 4.58938376125538E-03 9.96841595720109E-02 -2.16983363748838E-03 9.96841595720109E-02 -2.16983363748838E-03 -6.29866734721572E-03 7.79625364446536E-03
17 2.05229206252358E-02 3.53982787549023E-03 9.68123043011456E-02 -1.64845725337684E-02 9.68123043011456E-02 -1.64845725337684E-02 -0.010959006145402 7.07234624922922E-03
17.2 0.020695305433843 -1.04694862623094E-03 9.14054954278843E-02 -3.17187596511746E-02 9.14054954278843E-02 -3.17187596511746E-02 -1.24404205553145E-02 1.07586660677623E-02
17.4 1.49031122290247E-02 -7.49054147984596E-03 8.87705353723607E-02 -0.043594617540875 8.87705353723607E-02 -0.043594617540875 -8.2486905440136E-03 0.013026160944274
17.6 9.41109689507006E-03 -8.84982760209908E-03 7.83414462150634E-02 -5.84186103320681E-02 7.83414462150634E-02 -5.84186103320681E-02 -7.37812759500967E-03 0.011010704027129
17.8 1.15951652813166E-02 -1.57648933824169E-02 7.06976899176292E-02 -6.81100541964861E-02 7.06976899176292E-02 -6.81100541964861E-02 -4.89004118383797E-03 9.78655721614882E-03
18 9.85558861133774E-03 -0.011778406727292 6.12419131527336E-02 -7.79178139510879E-02 6.12419131527336E-02 -7.79178139510879E-02 -7.77487494000742E-03 1.33469503036399E-02
18.2 5.92666123379792E-03 -1.70021790033904E-02 5.05892672097466E-02 -8.53111280029818E-02 5.05892672097466E-02 -8.53111280029818E-02 -2.81692874135197E-03 0.018276303462164
18.4 5.83411280550556E-03 -1.85395382505949E-02 3.65249447828977E-02 -9.19688232353151E-02 3.65249447828977E-02 -9.19688232353151E-02 -2.68241555568937E-03 1.81230257658099E-02
18.6 3.63403516112051E-03 -1.53400731353529E-02 2.21166310205654E-02 -0.096917977119823 2.21166310205654E-02 -0.096917977119823 4.14047461301333E-03 2.15360245313848E-02
18.8 -5.56041915173334E-03 -1.50367077900883E-02 5.23698007073967E-03 -9.66932335477666E-02 5.23698007073967E-03 -9.66932335477666E-02 -1.76625276606119E-04 0.016775129661635
19 -7.9174510005719E-03 -0.012018529442299 -7.73088301725498E-03 -9.78595985345734E-02 -7.73088301725498E-03 -9.78595985345734E-02 8.43047902344541E-03 1.72263153285022E-02
19.2 -1.02636680504104E-02 -1.35448634746256E-02 -2.12805794458485E-02 -9.09570794825747E-02 -2.12805794458485E-02 -9.09570794825747E-02 1.00876919996999E-02 1.72916791523419E-02
19.4 -1.18039992176588E-02 -7.85507882907634E-03 -3.88972544148712E-02 -8.61693454621993E-02 -3.88972544148712E-02 -8.61693454621993E-02 0.010016572719518 1.92298737730689E-02
19.6 -1.58840700523637E-02 -7.96828683916211E-03 -4.75753974795743E-02 -8.56663839773718E-02 -4.75753974795743E-02 -8.56663839773718E-02 1.13450070988827E-02 0.023757070643546
19.8 -1.45366531821164E-02 -1.87969644297052E-03 -5.98187115707441E-02 -7.28347614185698E-02 -5.98187115707441E-02 -7.28347614185698E-02 1.97604987804314E-02 1.35293370408016E-02
20 -1.47728166934654E-02 1.34109350618621E-03 -7.25012348571418E-02 -6.33112690843741E-02 -7.25012348571418E-02 -6.33112690843741E-02 2.14025964688996E-02 1.47270826511816E-02
20.2 -1.10119433960498E-02 3.44733015873951E-03 -8.16033093798299E-02 -5.47048704263649E-02 -8.16033093798299E-02 -5.47048704263649E-02 1.97214862053914E-02 1.47152045034731E-02
20.4 -1.36484005159021E-02 9.94048888638186E-03 -8.67892850137977E-02 -4.06648740176515E-02 -8.67892850137977E-02 -4.06648740176515E-02 0.018892670140913 1.47136633384872E-02
20.6 -1.39606091226314E-02 1.21363118115215E-02 -9.24372506102623E-02 -2.58989767758644E-02 -9.24372506102623E-02 -2.58989767758644E-02 1.97940933659541E-02 1.16093960234557E-02
20.8 -1.32210003373684E-02 0.015609320138838 -9.56476125851908E-02 -1.31294194497226E-02 -9.56476125851908E-02 -1.31294194497226E-02 2.57754620672607E-02 1.03207671765081E-02
21 -8.02063668840263E-03 1.71616350223675E-02 -0.096765694584899 1.02712532697335E-03 -0.096765694584899 1.02712532697335E-03 3.05755339372852E-02 1.59059602504414E-02
21.2 1.32941514263083E-03 2.17100179991403E-02 -9.75402061632455E-02 1.62213561248245E-02 -9.75402061632455E-02 1.62213561248245E-02 2.97265420377895E-02 8.89174282153656E-03
21.4 6.19120327841785E-03 2.10308422642056E-02 -8.94560292825675E-02 0.027022648543868 -8.94560292825675E-02 0.027022648543868 2.68149807291317E-02 7.41106949299395E-03
21.6 5.21507742493071E-04 2.44701425490415E-02 -8.70463648039274E-02 4.12563836241178E-02 -8.70463648039274E-02 4.12563836241178E-02 0.031801052226669 2.60847092616019E-03
21.8 1.11535006028476E-02 0.020249088387926 -7.64772734471672E-02 5.18910284782533E-02 -7.64772734471672E-02 5.18910284782533E-02 3.36458646122269E-02 2.31820736341531E-03
22 1.49741440178852E-02 2.19118350673142E-02 -6.71778634555406E-02 6.32589120204798E-02 -6.71778634555406E-02 6.32589120204798E-02 3.26982992661699E-02 1.73217770821065E-03
22.2 1.69034537417213E-02 1.64895635307188E-02 -6.09201229168969E-02 7.62319852339182E-02 -6.09201229168969E-02 7.62319852339182E-02 3.93395750082304E-02 -4.02553244552912E-03
22.4 0.025416966214732 1.77821796430672E-02 -4.77567548721569E-02 0.080025678716179 -4.77567548721569E-02 0.080025678716179 4.52587459562173E-02 -1.05848742478895E-02
22.6 3.18787823878753E-02 7.85264036294508E-03 -3.38642919239704E-02 9.20523537522543E-02 -3.38642919239704E-02 9.20523537522543E-02 0.043588971319652 -1.36897063662283E-02
22.8 3.89487470653738E-02 4.56902093979036E-03 -2.18531229152825E-02 9.07080037529401E-02 -2.18531229152825E-02 9.07080037529401E-02 4.72199254223911E-02 -2.30361589471997E-02
23 4.66846139393121E-02 -5.92596622141988E-03 -6.45911336012313E-03 9.08722701308919E-02 -6.45911336012313E-03 9.08722701308919E-02 5.24036427079246E-02 -2.33705800878932E-02
23.2 4.57413955946468E-02 -6.80946368805112E-03 7.86849480975732E-03 9.34462593954869E-02 7.86849480975732E-03 9.34462593954869E-02 5.54490501081223E-02 -2.86399551242509E-02
23.4 3.74452193033808E-02 -7.79534376469064E-03 2.05755134540623E-02 9.15084865286964E-02 2.05755134540623E-02 9.15084865286964E-02 4.94128063761845E-02 -3.29821110606948E-02
23.6 3.55418737070354E-02 -7.39148827371044E-03 3.51938770150524E-02 9.20010112876637E-02 3.51938770150524E-02 9.20010112876637E-02 4.11294605017852E-02 -2.98713743705919E-02
23.8 3.10021660635472E-02 -0.014506187031297 4.82154455899086E-02 8.38031989264334E-02 4.82154455899086E-02 8.38031989264334E-02 3.57791924577056E-02 -3.26978193604228E-02
24 2.50999909455594E-02 -1.82946074819069E-02 5.67235279689218E-02 7.30988017963509E-02 5.67235279689218E-02 7.30988017963509E-02 3.65405385719801E-02 -2.83446369118218E-02
24.2 0.021538889496736 -1.90367972952323E-02 7.00391098829038E-02 6.31544868754462E-02 7.00391098829038E-02 6.31544868754462E-02 3.67806575380055E-02 -3.22849368484376E-02
24.4 1.86963721702884E-02 -1.88287765846516E-02 8.04033274221207E-02 5.49803649234672E-02 8.04033274221207E-02 5.49803649234672E-02 2.53035516883606E-02 -3.14299497713848E-02
24.6 1.32023194703165E-02 -2.66074994965874E-02 8.52116420783108E-02 0.039940986165295 8.52116420783108E-02 0.039940986165295 0.031299392462485 -3.55092161656165E-02
24.8 7.27123965860825E-03 -2.69551139569608E-02 9.15893564234042E-02 2.58353802217193E-02 9.15893564234042E-02 2.58353802217193E-02 2.80477291176909E-02 -3.45717730867352E-02
25 -9.48895795125069E-04 -1.98856728546852E-02 9.63402490254261E-02 1.62477299249643E-02 9.63402490254261E-02 1.62477299249643E-02 2.71464993982523E-02 -3.96318073369706E-02
25.2 -4.57033341255658E-03 -2.00547046803114E-02 9.26935956485001E-02 2.74389289873776E-03 9.26935956485001E-02 2.74389289873776E-03 1.80931898137643E-02 -3.68054154711536E-02
25.4 -1.08050211394222E-02 -1.11707770913519E-02 9.09017607214736E-02 -1.54588068048883E-02 9.09017607214736E-02 -1.54588068048883E-02 2.14748779640848E-02 -4.19321903821078E-02
25.6 -1.77062911011708E-02 -1.25652893519145E-02 9.28322189127592E-02 -2.87600602560712E-02 9.28322189127592E-02 -2.87600602560712E-02 1.00524777794278E-02 -4.14684665504633E-02
25.8 -8.01398411108091E-03 -8.86344901898798E-03 8.79752730711524E-02 -3.80391513557989E-02 8.79752730711524E-02 -3.80391513557989E-02 1.03208359112843E-02 -4.37803904389504E-02
26 -1.61189528067083E-02 -5.14100676474262E-03 0.082760680508425 -0.052860172063332 0.082760680508425 -0.052860172063332 1.25423358135951E-02 -3.70279299523782E-02
26.2 -2.19884762457607E-02 -2.35417703999856E-03 7.13310335412033E-02 -6.56635568327569E-02 7.13310335412033E-02 -6.56635568327569E-02 3.02750163780125E-03 -4.31724247452372E-02
26.4 -1.59077704335277E-02 9.43624405443737E-03 5.62041295694864E-02 -7.05917434028833E-02 5.62041295694864E-02 -7.05917434028833E-02 8.72868640731326E-03 -4.74081704772824E-02
26.6 -2.33869761700554E-02 1.55855102406078E-03 4.59174004846874E-02 -7.92272551032563E-02 4.59174004846874E-02 -7.92272551032563E-02 -4.90562866308635E-03 -3.67964260104473E-02
26.8 -1.79791456628804E-02 9.99208265760871E-03 3.52365359793333E-02 -8.70765409199272E-02 3.52365359793333E-02 -8.70765409199272E-02 -2.79223953134311E-03 -4.32501633410957E-02
27 -1.95300677529652E-02 1.32460131073493E-02 1.89056830317696E-02 -9.26045985188148E-02 1.89056830317696E-02 -9.26045985188148E-02 -8.7284826876772E-03 -3.47456242902371E-02
27.2 -1.48114946397071E-02 0.023047389998021 4.5317507157927E-03 -9.25707876479111E-02 4.5317507157927E-03 -9.25707876479111E-02 -1.13145245681261E-02 -3.69900052781053E-02
27.4 -8.18468086658386E-03 1.65515736118257E-02 -7.11357548952259E-03 -9.51691934999355E-02 -7.11357548952259E-03 -9.51691934999355E-02 -6.25990233508599E-03 -0.039942962941701
27.6 -7.39436523595823E-03 0.016888336651536 -1.92834851502326E-02 -9.40977268167826E-02 -1.92834851502326E-02 -9.40977268167826E-02 -1.48628031893626E-02 -3.53713853356079E-02
27.8 -1.34659988670196E-03 1.56312084147591E-02 -0.03370884103412 -8.35545180404227E-02 -0.03370884103412 -8.35545180404227E-02 -1.48928515952666E-02 -0.029556914836512
28 4.07191836552733E-03 1.87463680615124E-02 -4.75569555899892E-02 -8.15161496896484E-02 -4.75569555899892E-02 -8.15161496896484E-02 -1.99368093624425E-02 -3.36857122566667E-02
28.2 7.70947640882162E-03 1.93438013524088E-02 -5.59203378274285E-02 -7.30873004975378E-02 -5.59203378274285E-02 -7.30873004975378E-02 -0.016536140000418 -0.023641277522436
28.4 3.2419474106282E-03 0.017016335568 -6.39580037582238E-02 -6.26120895269674E-02 -6.39580037582238E-02 -6.26120895269674E-02 -2.21567304441783E-02 -2.99417732535491E-02
28.6 1.10627023079612E-02 7.15472503453514E-03 -7.60963152216159E-02 -0.056261101227931 -7.60963152216159E-02 -0.056261101227931 -2.17845041105084E-02 -2.46147319111755E-02
28.8 9.78673005101063E-03 0.016380299720817 -8.22730836269998E-02 -4.48170883285186E-02 -8.22730836269998E-02 -4.48170883285186E-02 -2.87589163297541E-02 -2.69508972350165E-02
29 1.15625733440187E-02 -2.42027297723727E-03 -8.89092505219189E-02 -2.57367293922852E-02 -8.89092505219189E-02 -2.57367293922852E-02 -2.57984387955355E-02 -2.08232033424485E-02
29.2 7.49312818786065E-03 4.05924665910973E-03 -8.84999230461371E-02 -1.24356092569972E-02 -8.84999230461371E-02 -1.24356092569972E-02 -2.51408850633907E-02 -1.36066918940598E-02
29.4 1.30606342269621E-02 1.9208877948885E-03 -8.80386186214497E-02 -7.04160387107126E-04 -8.80386186214497E-02 -7.04160387107126E-04 -2.58328843604226E-02 -1.26009150671339E-02
29.6 7.75697072101636E-03 -6.46798360617768E-03 -9.32400031252146E-02 0.016415208814103 -9.32400031252146E-02 0.016415208814103 -2.81970233446629E-02 -0.01296081496435
29.8 1.05755554757926E-02 -4.46876175189251E-03 -8.64951913450295E-02 2.57801557200181E-02 -8.64951913450295E-02 2.57801557200181E-02 -3.77484720706957E-02 -9.31275335164769E-03
30 9.13246516913164E-03 -1.05162423749064E-02 -8.35656179357286E-02 4.04314608047105E-02 -8.35656179357286E-02 4.04314608047105E-02 -2.90344543252798E-02 -1.42763723762704E-02
30.2 2.09968833167112E-03 -1.05879554291803E-02 -7.69925629230183E-02 5.04197149663028E-02 -7.69925629230183E-02 5.04197149663028E-02 -2.48601250532348E-02 -5.33477339503112E-03
30.4 -1.92238279604926E-03 -7.71052433345118E-03 -6.83453955605489E-02 5.87981109976438E-02 -6.83453955605489E-02 5.87981109976438E-02 -2.72989689963139E-02 -4.27841461689766E-03
30.6 6.89670933862962E-04 -1.64059027675356E-02 -5.63974409191273E-02 7.24644185987816E-02 -5.63974409191273E-02 7.24644185987816E-02 -2.69941665040424E-02 3.49139948593781E-03
30.8 -1.35592871795006E-02 -1.96361221278234E-03 -4.68304949250659E-02 7.70668923379795E-02 -4.68304949250659E-02 7.70668923379795E-02 -2.36815489333299E-02 -3.71411835752843E-03
31 -1.99752788532562E-02 -9.75630255436223E-03 -3.91341739698109E-02 8.40690271654009E-02 -3.91341739698109E-02 8.40690271654009E-02 -1.50423027652824E-02 8.93020752079568E-03
31.2 -2.37661235643395E-02 -1.39809811344992E-02 -2.75376049495145E-02 8.96044580530848E-02 -2.75376049495145E-02 8.96044580530848E-02 -1.83793612505533E-02 4.87360521476662E-03
31.4 -2.17815153378048E-02 2.66342040127527E-03 -1.29311863300502E-02 9.25649317684066E-02 -1.29311863300502E-02 9.25649317684066E-02 -2.99171673476846E-02 6.67839773067743E-03
31.6 -2.19477245345502E-02 -7.70729291295301E-03 5.56774885066585E-03 9.47824201831286E-02 5.56774885066585E-03 9.47824201831286E-02 -1.61659592781809E-02 2.04060229943919E-02
31.8 -2.87875266474233E-02 3.28378228894688E-03 1.45472252631348E-02 8.71310877064629E-02 1.45472252631348E-02 8.71310877064629E-02 -1.58205097048753E-02 1.14336076373805E-02
32 -3.04076958798979E-02 4.60099594947089E-03 3.35667129216643E-02 8.55671051766055E-02 3.35667129216643E-02 8.55671051766055E-02 5.67629233549793E-03 1.89756804047907E-02
32.2 -3.61144232058746E-02 1.25123212222072E-02 4.17592608934312E-02 7.79888177509371E-02 4.17592608934312E-02 7.79888177509371E-02 -4.28084540397268E-03 1.28920371294484E-02
32.4 -4.01145078942029E-02 1.19114363863093E-02 5.74381013849691E-02 7.51915856976986E-02 5.74381013849691E-02 7.51915856976986E-02 4.13556608674241E-03 2.14005293540364E-02
32.6 -3.41519890550311E-02 1.64247258999815E-02 0.063509690633677 6.73273279963487E-02 0.063509690633677 6.73273279963487E-02 1.11739663462177E-02 2.38424028749648E-02
32.8 -3.53337100442358E-02 3.11595279806914E-02 7.80091542801451E-02 5.56862782555611E-02 7.80091542801451E-02 5.56862782555611E-02 1.03333036358625E-02 1.53443187059015E-02
33 -2.44057126660693E-02 0.033812536882462 8.62688475963365E-02 4.09464609850477E-02 8.62688475963365E-02 4.09464609850477E-02 0.011712368054009 1.51847259051314E-02
33.2 -3.17943437492831E-02 4.43061461592582E-02 8.40894049615094E-02 3.15815273731413E-02 8.40894049615094E-02 3.15815273731413E-02 5.7201579658847E-03 2.50325911979986E-02
33.4 -4.19562831486662E-03 3.95976758729993E-02 0.092478952616808 1.10598933116624E-02 0.092478952616808 1.10598933116624E-02 2.27526389595103E-02 3.02381707388564E-02
33.6 -1.45250864808787E-02 4.52678111491979E-02 8.43570607816075E-02 8.00917328349946E-03 8.43570607816075E-02 8.00917328349946E-03 3.33058105143539E-02 2.40692524940186E-02
33.8 3.68373923311081E-03 4.44420378477911E-02 9.02683639492543E-02 -1.27337036613676E-03 9.02683639492543E-02 -1.27337036613676E-03 4.28396410359968E-02 2.53480867910287E-02
34 9.82688081869057E-03 6.21040964981782E-02 8.24901797283326E-02 -0.020514419075769 8.24901797283326E-02 -0.020514419075769 5.13325785789655E-02 2.45026842077018E-02
34.2 3.47514805134875E-02 5.12850884704075E-02 8.31940377501487E-02 -3.63320689881521E-02 8.31940377501487E-02 -3.63320689881521E-02 5.80897416564272E-02 0.016484671806135
34.4 4.35082906515092E-02 6.95809232329295E-02 8.11292686752054E-02 -0.041413112889422 8.11292686752054E-02 -0.041413112889422 7.90366639828491E-02 2.04066626754399E-02
34.6 4.50753580874537E-02 5.02636693344729E-02 0.063101524892243 -6.36239270747126E-02 0.063101524892243 -6.36239270747126E-02 8.09811933151338E-02 1.38430409768927E-02
34.8 4.62121773242902E-02 5.18524930413127E-02 6.83937916772064E-02 -7.00880570125912E-02 6.83937916772064E-02 -7.00880570125912E-02 7.78699471977252E-02 0.01857038597707
35 5.25851588870846E-02 4.97378069921501E-02 5.13587022143775E-02 -7.61485737976832E-02 5.13587022143775E-02 -7.61485737976832E-02 0.071740483757715 3.5972015167374E-03
35.2 0.045153855640164 4.56985353247952E-02 3.55096491864757E-02 -8.07902854947171E-02 3.55096491864757E-02 -8.07902854947171E-02 7.85797768909091E-02 8.33270715627472E-03
35.4 0.055147123141288 3.74076450857154E-02 2.30470981328003E-02 -8.28667740063355E-02 2.30470981328003E-02 -8.28667740063355E-02 6.50146960362911E-02 -9.93113614004756E-04
35.6 4.10596615423619E-02 3.00205524475864E-02 1.55174533004773E-02 -9.46893794917334E-02 1.55174533004773E-02 -9.46893794917334E-02 6.45596337177858E-02 5.97966660683418E-03
35.8 4.28865343085916E-02 3.19738740238751E-02 4.42817582268826E-03 -9.87521508839175E-02 4.42817582268826E-03 -9.87521508839175E-02 6.22565630462341E-02 -6.84072061037393E-03
36 4.88688089783004E-02 3.24819879569585E-02 -1.94023351222589E-02 -8.86808768308376E-02 -1.94023351222589E-02 -8.86808768308376E-02 5.27007733272989E-02 -1.46674669772249E-02
36.2 3.67007567561318E-02 1.54548773034132E-02 -3.61787356402759E-02 -8.18354707786312E-02 -3.61787356402759E-02 -8.18354707786312E-02 4.70476352661643E-02 -1.03559666492488E-02
36.4 3.49442391784044E-02 2.04506428751608E-02 -4.45817823416895E-02 -7.43983091002479E-02 -4.45817823416895E-02 -7.43983091002479E-02 4.92524148417688E-02 -2.61065996886104E-02
36.6 2.83861764874625E-02 2.88326771983532E-02 -5.02243626844809E-02 -6.87197505341752E-02 -5.02243626844809E-02 -6.87197505341752E-02 4.51556683990349E-02 -1.95521262982135E-02
36.8 3.98370755764614E-02 1.11149154238134E-02 -6.05914796544813E-02 -6.51205462667682E-02 -6.05914796544813E-02 -6.51205462667682E-02 5.01207034773949E-02 -2.02079849437785E-02
37 2.40302142187394E-02 2.52991156340401E-02 -7.16637671328094E-02 -5.84324527323848E-02 -7.16637671328094E-02 -5.84324527323848E-02 4.25531030713659E-02 -2.35986370857144E-02
37.2 0.022445863197275 1.24662933740152E-02 -8.48407181823446E-02 -4.39659647128459E-02 -8.48407181823446E-02 -4.39659647128459E-02 4.49387093975404E-02 -3.87733017117717E-02
37.4 1.63506303554687E-02 4.03661469200024E-03 -8.06351728740192E-02 -2.50788665577141E-02 -8.06351728740192E-02 -2.50788665577141E-02 2.50241826936717E-02 -4.07174706546599E-02
37.6 1.04887741918223E-02 5.92434654357036E-03 -7.99738109305936E-02 -1.87925020966691E-02 -7.99738109305936E-02 -1.87925020966691E-02 0.026200314601698 -3.22753057988468E-02
37.8 1.70169658667206E-02 2.58854904879311E-02 -0.094935932725422 5.1352590292686E-03 -0.094935932725422 5.1352590292686E-03 2.60633106177066E-02 -4.76717341752789E-02
38 1.85810520505211E-02 2.83727744615635E-02 -9.36335469058422E-02 8.40665028739184E-03 -9.36335469058422E-02 8.40665028739184E-03 3.42431238726287E-02 -0.045057519887207
38.2 1.48712301694777E-02 1.51073691260505E-02 -8.62488413305091E-02 3.28989727456393E-02 -8.62488413305091E-02 3.28989727456393E-02 3.64085038590264E-02 -5.37041091880121E-02
38.4 1.96908518642219E-02 1.80123635946844E-02 -8.25141189070039E-02 4.23941887235244E-02 -8.25141189070039E-02 4.23941887235244E-02 2.56380844742167E-02 -4.45256994188607E-02
38.6 1.91313736046481E-02 7.37489330665249E-03 -9.20815292300588E-02 4.42235693445807E-02 -9.20815292300588E-02 4.42235693445807E-02 2.71387945913626E-02 -5.50532138434523E-02
38.8 -3.52668222647179E-03 -1.7729753369382E-03 -6.02379316567465E-02 6.58959381097656E-02 -6.02379316567465E-02 6.58959381097656E-02 1.01461882370212E-02 -5.20862470850708E-02
39 3.42897049467709E-02 2.76391468718965E-02 -5.00853789088732E-02 6.54910131688566E-02 -5.00853789088732E-02 6.54910131688566E-02 3.42025450288078E-02 -4.96598972735297E-02
39.2 0.019346701630352 1.97608141624886E-02 -5.32202656728765E-02 8.55107762521126E-02 -5.32202656728765E-02 8.55107762521126E-02 1.59253096147989E-02 -5.94722878468919E-02
39.4 2.12615384413899E-02 1.56185357924162E-02 -4.52392744382084E-02 9.32961531033493E-02 -4.52392744382084E-02 9.32961531033493E-02 -1.39421158623638E-02 -0.038581002862624
39.6 3.17997464640293E-02 1.42045466737611E-02 -2.37067038546958E-02 0.077721898575379 -2.37067038546958E-02 0.077721898575379 -1.15320818496842E-02 -4.40160323651527E-02
39.8 2.24760746790081E-02 6.02318778564585E-03 -6.61520883629392E-03 0.09036972348056 -6.61520883629392E-03 0.09036972348056 -8.09988382682435E-03 -4.39168076192784E-02
40 3.15780239242176E-02 2.45503328536131E-02 -2.22277162575248E-03 8.92932272201611E-02 -2.22277162575248E-03 8.92932272201611E-02 -1.83551299009383E-03 -1.58891095868596E-02
