.2 .01132037122847438 -.0036970065403223043 -.03637833580070734 .016419280006361007 -.027449039818573 -.03185385111649036 .011707665489262343 .020643386174458267
.4 .007706184756696224 -.015971398664444685 -.05415939247571826 -.04728353740568757 .08147587135668993 -.008707513571953773 -.019519831058675052 -.006483919670182466
.6 .012703348265475034 -.002563479685294628 -.012171222238451244 -.10697955792037249 -.050753165203332895 .08522172087828518 .015921535045087337 -.03017038838503361
.8 .015856304439777136 .01579533977187872 .09811768890784382 -.07319082653605342 -.0671883750725627 -.10657451996929049 -.0043248930710375316 .03437590055574179
1 -.012581982228183746 .043016268797475096 .1396725984830916 .04162231010894775 .14646747898818852 -.0015268936025142664 -.02093007145142555 -.021100219129520655
1.2 -.032441938881343606 .017629497614443303 .044624911741769316 .13094108499103188 -.06718130102886558 .12874042033895852 .04024355805034041 -.0217608515986979
1.4 -.01716694227461815 -.02638047783244252 -.09109254938308596 .13021228191010953 -.08068514752854705 -.13532857395655512 -.009184445546621083 .03919090047069192
1.6 .022742448266148567 -.015908665296566486 -.14146169418050647 -.013182733474975823 .15833870680921674 .015439597113925218 -.027354423453801867 -.05303312405948042
1.8 .019838329717844723 .0012898422462224958 -.05494377146635651 -.13545801041526795 -.10656155907034874 .10544907337207793 .0543354034042418 -.011001072862410545
2 -.006992192738026381 .0062130920094430435 .08099331972046495 -.10784444150835276 -.040183096589696404 -.1410356315311253 -.015760932058477402 .04738973585624098
2.2 -.00750401152650714 -.008972299962091446 .13262041566535235 .029642718733209374 .12105322922081947 .0642291955121398 -.046786903412777185 -.03753258007956147
2.4 .01388922945075035 -.012816836744606494 .04270981201913953 .1335620230468154 -.12498040290667416 .05025522846438289 .056896086467605834 -.028889982396000626
2.6 .04923207690852285 .011645452611929178 -.09372316869933009 .08491857518637776 .04806276211127639 -.1312766951659739 -.009772726019793749 .065099258734411
2.8 .024295564663732054 .05632173746110797 -.12074946372601987 -.03853425786584616 .06976252795735001 .12460498147506117 -.03423395475785136 -.04225923978405595
3 -.027318606267476078 .06341703972380758 -.011118555953389406 -.13982975877600312 -.1360882862182796 -.02596824691066742 .05361943034796118 -.024358411476641896
3.2 -.07900144497468471 .009754503013437986 .11017895882781148 -.0774346458645165 .10842773892816306 -.10760564737824202 .014423795249044895 .04892093985369802
3.4 -.05497723998572827 -.03535002892680168 .1275377539183438 .06391835410064459 .023069575201171637 .1514943947317362 -.03665443012075424 -.022232463967454433
3.6 .0014517245332777498 -.058319296808642146 -.0005798734658956518 .1465690217865765 -.11656252347753644 -.07656708351219893 .02538594925457835 -.009869943976598978
3.8 .016695923220175504 -.03277466755169034 -.1260384941228688 .054242666723263264 .13967829773713947 -.06111182919684052 .011816728409415483 .0026530548776149757
4 .03018521210458279 -.015088724975210426 -.10067893852940202 -.07605165339176058 -.04356875943899751 .1370631077137053 -.005898889633697271 .014511186613482238
4.2 .011618711075419185 -.020218045577675106 .027548357573914526 -.12346225615397691 -.07619340775144696 -.11792371900992989 -.0230976448451519 -.0028409504770338535
4.4 .03296485488754511 .018916516364312172 .1170579861111641 -.04087569458796382 .13680799931194781 .0010902580681025984 .018914070340174435 -.04746770918852687
4.6 .02247082241715789 .01705009573521018 .08232250213978887 .0852321533473432 -.09669267161851525 .0867712587446034 .051318675112390515 .037329792486828564
4.8 -.002322387631779909 .048708772053098676 -.05549311324464083 .11678518599793912 -.007057180142831802 -.12676739069669843 -.0721895137173772 .011518126944983005
5 -.006411877699702978 .027949236840099097 -.11236548655804991 -.00020351434818506207 .10343964381477833 .0797087061187029 .03269166904652119 -.056786159470731026
5.2 -.024857696005165575 -.003794354249846933 -.051134667436665296 -.10980063655731083 -.12132128302487731 .030875984684062004 .0013288281500458722 .0734244951252699
5.4 .0144844804320395 -.013646236489778758 .07219729035309552 -.09738923238574862 .05960650154456496 -.11144926207470894 -.011496114962828157 -.04764969459277987
5.6 .03711247500194311 .006550952738457919 .12661975150393842 .03319448685043454 .050915318258589505 .11102307205086946 .07207893319422604 .038577454327511786
5.8 .02040449936221838 .036002604632854464 .027037219769471883 .12944712103202344 -.11699818852593304 -.036603676921635867 -.10789021212495566 .04365377804233432
6 -.0005660096104085444 .0753003167142272 -.10590338220667243 .06703728704012632 .10434666239554286 -.07173255087034702 .0009529807014226899 -.14295551027213932
6.2 -.05611948019633293 .07732801808384061 -.11416411387543082 -.04519445750827789 -.009498972899246217 .13781379981805084 .11957348405866026 .054110006849765774
6.4 -.09661277608366013 .026086491310983895 -.013601054312855007 -.12751467297742963 -.08687707451419234 -.07832390596487522 -.06914769092664719 .07528133127036692
6.6 -.1274591365859151 -.057487497407221796 .09855712980672121 -.045313224282544855 .12369412990261316 -.024659508729040623 -.051938671171009546 -.06639923684933781
6.8 -.06766717213198542 -.1151995836045146 .08898133055033089 .06198759146464467 -.06703619790352583 .09623383897660374 .04661873029304146 -.04611115925401449
7 .01805723826702237 -.10997044297808409 -.013105517204546927 .11832203544598222 -.033355104916018244 -.11832400605077148 .06034219786189794 .033121267007792
7.2 .06610535079631806 -.06289274464384317 -.10709930981333851 .018463720253115892 .09981126693655848 .043958600004082915 -.04094771218101382 .0693653790153861
7.4 .06606564660306573 -.009030848861074447 -.06730580963038206 -.08477881469812393 -.11030169694086313 .04446226260727048 -.055992087272691726 -.04954732453584075
7.6 .03205060945972204 -.020796117994773388 .045085751193410156 -.0902408456305325 .024785613488382104 -.10925479040029645 .053498233467477556 -.03865736421960592
7.8 .04987784079197049 .014503484608221054 .112395457526052 .008260407911235095 .07380981441341042 .10946802963832021 .015366889026212693 .06126263385820389
8 .03618353731287718 .047276977117484804 .04152169183341861 .10452699258533121 -.126129698470217 -.0033306839370369924 -.05182122355814576 .01391741971489787
8.2 -.018811642993968723 .06369698097216486 -.06846262590239643 .08347687660937309 .0924472277885735 -.08741599059953094 -.009914017608648538 -.04822420755336881
8.4 -.04553603571050167 .02283254818598628 -.11016022077634931 -.020235586798590423 .016596738140547275 .12277527645756603 .025336504324537514 .007264674563705921
8.6 -.049098165951234105 -.05898168941884041 -.03642404987786412 -.10810032249978781 -.11638615110442638 -.056658366559815404 -.022786674369555712 -.03220213531246185
8.8 .07780828105612994 -.06400430579870342 .07650295731027126 -.08636189239970446 .10616380989703536 -.0370324619515717 .059946704711103437 -.021015043387210372
9 .07946499577056765 .03996950979807973 .10532018095555307 .04203848394941091 -.037888906354796886 .11463981464913488 -.006789144039517641 .08142027792688608
9.2 .009525332120609284 .1144539776024878 .009734788803130388 .11345381815510988 -.0710070573288679 -.09029017853516937 -.0877747470541358 -.05173421265566945
9.4 -.05653719942862988 .019434525257545708 -.08150865743969679 .0497419706715405 .11757287061006427 .003927717358380555 .09514156062929631 -.07685289368298054
9.6 -.01801499164402485 -.06751673695877194 -.0904750717199266 -.0693970424632609 -.0842475136303544 .0738736966950059 -.0052583844814419745 .1251771962749064
9.8 .04682049528554678 -.031467825629127026 .016607029934072495 -.09238450668811202 .001345586641919614 -.10524714742546082 -.0798013814262569 -.047136635554814336
10 .03748390731887222 .08186358157292008 .0949521882835865 -.03357425233421922 .08366531427375078 .07857112749062777 .06602780333108901 -.045738925476539134
10.2 -.04805211278290153 .08904799220756889 .07558693178989886 .08732658615918755 -.11861814124200344 .01872114733863473 -.03912788486279846 .049018393027812246
10.4 -.13294387825167775 -.03967372697558403 -.03775644167906046 .09825441683763265 .0611505279070735 -.10281815934928656 .03293574517154693 -.049663525347542765
10.6 -.04524201114584804 -.10854566099209785 -.1015421143438816 .0035617698038339614 .04588300373337269 .10412680052999854 .01090145919765234 .05936072189130187
10.8 .09171092104336023 -.1148815174553454 -.06296564066928625 -.09962711356910467 -.10880505007920264 -.0390505833658278 -.09536033623691798 -.021653667099678517
11 .09600851814377308 .021339913912969827 .04758274106863737 -.09503271016109585 .09218904361934066 -.06885950833498836 .055837058653378485 -.026678682679528
11.2 -.003319431249731779 .02890749172899127 .09665277977144718 .016604768744915725 .0028929304670274264 .11906789219650031 -.007995792323201894 .07079388003073335
11.4 -.015518419101774693 -.04168208509645462 .044059392201864715 .10081196489567756 -.06911660121706129 -.07807795905902386 -.008708326361471414 -.10457015587783457
11.6 .06179268953754902 -.06512929196483493 -.05796038281022311 .06450752439650297 .10062091158366203 -.019950962744760513 .060535876610243324 .09763034449318647
11.8 .12424652896544337 .030847735605019334 -.09154249592345357 -.025080448569941523 -.052150900567221645 .08525854563140274 -.10540626547385454 .01951073902183771
12 .06492400063834787 .12407272128660082 -.015034556264263392 -.09746147830759287 -.019551600588858124 -.09986061724336744 .08385088969327809 -.09920413726490737
12.2 -.04510824131864309 .07857181767874957 .0705236213230312 -.055412441575175525 .08471482902376055 .05589118796758056 .05095583325505256 .1203110910213232
12.4 -.04624837853801847 .007156422845882178 .0802711956363678 .038533004684692625 -.08302039767555594 .042128475578027964 -.07347453801723124 -.05928944475786686
12.6 -.00572473664650917 .003859987729334831 -.017084060920715332 .09131174030391573 .026490199441546205 -.09272235036141872 .052253623857808115 -.03689470861100554
12.8 .024918110961848497 .06452280665248633 -.08426951911439896 .03277730578768254 .06339248816730379 .0860575130755961 -.04548826781358123 .0067196693544507025
13 -.05127565373243093 .07364692881946563 -.06856782042260766 -.06501758501130343 -.09452153609070778 -.00769352002093792 .06951840253747106 -.0319349241650939
13.2 -.12426743655601144 .002872248033314944 .02375889783229232 -.0784803731116414 .07393404660224914 -.07758400463459492 -.011304590191477537 .1104246268440187
13.4 -.0649553644571364 -.06449667145818472 .08177144773935079 -.021300971489834786 .017404102748805286 .09403721824864746 -.10674899707175493 -.07192501926806569
13.6 -.0029578495754241938 -.04030407620310784 .05024994229566455 .07294293491968512 -.08987249737052917 -.05572752083025575 .12678270218759777 -.05260621570522189
13.8 -.015335320778888465 -.013188452612024545 -.04060570135095119 .06762814064557553 .08674734271872639 -.02662566882799268 .030052077651429178 .08691467018916607
14 -.058829726171821355 -.048885112789821626 -.08587143880161047 -.00664457309794426 -.04245092239757776 .08893436062990427 -.04941103440475464 .005838709449374677
14.2 .011171552075141668 -.14632652991434933 -.019784440852075817 -.08453436428665519 -.04513182751079798 -.071189009870404 -.026132471534639597 -.017835313432461024
14.4 .1428669765984356 -.10270932840090394 .06412567144573927 -.06221603744732738 .08335690952088237 .025108436738145352 .0719542752039373 -.05189179035721421
14.6 .19308581789584162 .07452820399333834 .06474749523846507 .03929059183965325 -.07671940183931589 .04866222489354015 .04945181877031922 .09376015438452362
14.8 .0571938208699286 .18975061523602607 .004253364448440074 .07136732239721418 .0033653907221019262 -.09489474110533 -.14896649368335604 .019924073568457365
15 -.10181947314459085 .13993571494903564 -.06988268777722717 .03546785382707715 .07015043221748471 .0810437579212129 .033820140951007605 -.13810494837237597
15.2 -.13761330971747635 .009916202256518602 -.0641844506541729 -.05051395165283083 -.09079522367534637 -.0025064822396159182 .08582554934449792 .09286676631088853
15.4 -.06547044246459006 -.07862395572427512 .012732024229061603 -.09137503595747948 .0603021354932189 -.07488883387315273 -.0975196484414339 .035783375056874754
15.6 -.005973373738735915 -.04498300504035949 .08308393479144573 -.015844813315612077 .028057804283601044 .09948936627116799 .011155426930171252 -.08307814388496279
15.8 -.019163554980111124 -.04767124805693626 .051711062642294164 .06485806858949661 -.08281019072209597 -.03894755667839646 .04139489892645479 .013307465655499697
16 -.018534620733273027 -.08107406517628431 -.026405287635064126 .08066797680023313 .09323920104980468 -.05082434222764373 .01684861126089692 .026919047117400167
16.2 .10062848389210105 -.08541021473779678 -.07908106055541633 .014769842877292631 -.015381032672226428 .0997121205477059 -.05365284112807512 -.0033585520522296432
16.4 .15628504691104889 .018756084197062255 -.0396573443533957 -.06218952561007141 -.06703931727915406 -.07901028706216812 .023782079165315627 -.07797660336047411
16.6 .08715912039678098 .12371569716789127 .03614625579644441 -.06435938730298876 .08483179200428129 -.007396672272711992 .09074623488619923 .08325843916835189
16.8 -.047438134127545356 .15054111737586856 .08384753246802688 .016785924752366545 -.05866166763668656 .06417896853033304 -.15806870750879645 .06344531188838483
17 -.15242619517703054 .07303722038427592 .01956815110551715 .06648523508955836 -.007512213293927908 -.07962504251147509 .010576407233715057 -.16477969386262895
17.2 -.14574959783067704 -.028882167473572494 -.0620288527143836 .05567387879317403 .0771576431005895 .04495572143428325 .13899395207277535 .12211262211209535
17.4 -.0928537088344693 -.08549096801716088 -.07753762060177326 -.03629969796025753 -.08793193299095631 .034047831646806005 -.13644908534911274 .04306866725037098
17.6 .008495834302937984 -.13191381364439128 -.012144288036769629 -.08060321575689913 .036175476181411745 -.08102445804603696 .01701575712002516 -.10395347927931547
17.8 .09188775838481188 -.13793407856339215 .06715851852710247 -.047570696853554244 .04123018552802801 .08706596230451465 .04945467056889534 .02050821743738651
18 .1669645081767559 -.0385975729760468 .06912180632066728 .04279176197921038 -.08752414156419634 -.011539647714442016 .03950321169870496 -.0033165504449963576
18.2 .14359175064593552 .11126117593869567 -.013995973049610852 .08236596212630272 .06687562910156847 -.06598745384773612 -.027331485261547564 .08515519738377929
18.4 .006095051512229442 .14877171928952931 -.0805546423229456 .029488410312497614 -.0051586145533561705 .08739694782053828 -.08181322056791186 -.06547247694071531
18.6 -.1136876820924163 .06906850313014984 -.052428650187921526 -.05128016142571568 -.07535081285440325 -.0633232784818232 .09516429884212017 -.05481289404770136
18.8 -.03663830441387295 -.03265482372714281 .011630280340874195 -.0703190387889266 .07664077882965208 -.01533009121134281 -.021110634798038007 .06968946136010885
19 .044975716211175916 .0046119980574607835 .07583565124287009 -.0034845176445603386 -.033401122129338975 .07814234427083731 -.01960573808013201 -.0011258541515231134
19.2 .01792863333208561 .09252947411295176 .037127124755239486 .06355164814655781 -.035111311598622796 -.06866144757611155 -.04239348119496703 -.008749418542516232
19.4 -.10611946817487478 .07434892945244909 -.02918233221616745 .052228507720685005 .08894415872894525 .02101729819943309 -.016133874621486664 -.09298256067780256
19.6 -.1156834035562098 -.07552901212764979 -.06661431236101985 -.014768176571786404 -.07794979532396794 .03261384206060171 .10893357024786472 .04462943976870775
19.8 .02607016088837385 -.13432177840646506 -.01774109546699524 -.059196429069238894 .014031373429358006 -.07589199362542033 -.10212642297326327 .08146522836213707
20 .10462791099978686 -.022918901972794534 .04343266411035657 -.06119646666377186 .05707743446837664 .07154988598815798 -.036448715599608425 -.1337477729465425
20.2 .06380775033766031 .0607030995863378 .07458122091666461 .020668939714962246 -.08057906218280793 -.006028361449813843 .09997659505593777 -.00795205590811968
20.4 -.09716446124495268 .036201363721328976 .007506327136433125 .06845008490971327 .06290119139024615 -.06568120201319456 -.02700722393753529 .08486965697944761
20.6 -.03880364432560206 -.0875588809880793 -.057641648533201216 .038037858335030074 .020334806288421152 .09213827378962636 -.08103850534737705 .038652536052691935
20.8 .12053817059466242 -.0798928700871408 -.055328298283815386 -.03987607990496755 -.08268422855243086 -.031156544623279575 -.0038214339146077627 -.10944382613517642
21 .14338239034723044 .09610585521208048 .0027735225413262838 -.07361893717951178 .08103143521897198 -.044697500015902523 .1274256483020246 .036651235394907
21.2 -.009165389948552847 .20107024039231539 .06012110929172038 -.02132939337854385 -.015994573063379525 .08337607850303054 -.07787178706536889 .15849296890298128
21.4 -.18905441537001133 .08615090720930099 .04395595160722137 .03986417366633415 -.040840908234035966 -.062174352541607615 -.12871670261672138 -.13635087781668304
21.6 -.16076341062144636 -.032823452259933945 -.025651764909678697 .06585579602907896 .07145725446645618 .008840401984471082 .17520371036145688 -.031036055959403515
21.8 -.03772813714286089 -.08944044637848139 -.05995528563682436 .02043725527868867 -.05496918586755992 .048481341316473484 -.013060360141909122 .1512608951317668
22 .026773556134223938 -.006421573311269283 -.03752515375446677 -.057582193570017814 -.008533572962307931 -.06964799356904626 -.07854826597410441 -.06921233858935237
22.2 -.05784054288003445 .013679215801882746 .03710696623786092 -.06805363717172742 .07393064426252842 .04901842176886201 .057898322712057824 -.06156339006482363
22.4 -.08593483079214692 -.11033102465387583 .07402534436156749 .013001142258083822 -.07187672075685858 .014375539439690112 .034047783040386435 .005657427851825953
22.6 .0339645801623404 -.17413897601927517 .03746267897735834 .06877068598847388 .02419917670704126 -.07855598630963564 .019301602828615906 .0464586749263227
22.8 .15982861120843292 -.09520473437345624 -.05195304052013754 .04873519877673388 .04161293427228331 .07527051188345552 -.08151490795063376 -.008951996319407225
23 .13516191678973435 .0627313969878614 -.061572516872453686 -.02031168250873089 -.07539973433514834 -.009258122826325894 .030720187730032204 -.10253932001888752
23.2 .036782773704046014 .04302292395172119 -.012387013570058348 -.07315825087278485 .05272469870275855 -.057206177284771204 .05277466003776193 .0773744719202578
23.4 .06073394622558951 .04366236207048297 .05774268345803619 -.04669696489300132 .01256397501102686 .07864311028341055 -.05398205571094752 .01050231319231987
23.6 .10436552503278257 .036759817575860027 .07311512934973835 .03203401746355891 -.057875451333546636 -.04886806066348553 .039748988782840965 -.007620111801552773
23.8 .060883458169823886 .14975843261184693 .0006951863665878768 .07222232514889837 .07935161002495289 -.011824633504456282 -.031965492758327725 -.001990038033151625
24 -.08975739256367088 .16909721000837682 -.05955908637442589 .025621339155811072 -.022204260098296402 .06326360741945505 .06065473904688954 -.07103034955350757
24.2 -.17010468356290462 .0016884322263896459 -.05497663477953672 -.03038274011031985 -.028513770540636776 -.059887938401728874 .012910137778949738 .0786845250990212
24.4 -.08415850620928407 -.1140520871485293 .01962959679234624 -.062207850734782216 .0719926379732132 .020562076196318863 -.10358714390657545 -.05114323212358951
24.6 .03239239511347413 -.09494021022071839 .07206795085090995 -.015040021793848274 -.05501926496626139 .03735277065343856 .07642620204166174 -.04369974612368941
24.8 .04259815386635066 .025126218247890474 .0467510618256092 .057295187094926835 .0035825766916990276 -.06446274578530192 -.01660122395309806 .04971873347246647
25 -.046051738699686526 .055764031910604236 -.026560268286269905 .07070806423283815 .05179544422008395 .04728841018104553 .023491205900329354 -.05798666921789646
25.2 -.05777560487980246 -.0748643540011704 -.05501083455334305 -.00016982178916335067 -.0638961516095698 .013620812608063223 .013775920073401927 .08824273481188416
25.4 .05143435065493583 -.10494308167512417 -.03687022146388293 -.047590409490531685 .03046342952778339 -.05805509359192848 -.09302223032565117 -.06127490273283124
25.6 .08800984506522416 -.004794186382943391 .040048242459994554 -.054989583739799265 .02715147506904602 .07636523719908594 .10065272893597484 -.05594074436199665
25.8 -.006496904088890552 .06541388762746453 .07367425389297605 -.001355789659827948 -.0660285839351654 -.033239376089346406 -.011633648356729746 .08262909453057052
26 -.0697602215727508 -.023200156918132306 .020900993785178658 .06729635113705992 .06896351236893535 -.0309878190001905 .002536610545754433 -.022806496953248982
26.2 .02576132988589406 -.13995474085469842 -.0428851475800395 .05271941756076217 -.014002072116237878 .07457171401009559 .009142134928262234 .049053207761919494
26.4 .1499452350586593 -.09282943277068734 -.057494058189976216 -.017693673800462485 -.039019450537359716 -.0386026162373662 -.0462236948720634 -.07084825609562397
26.6 .1327396101358831 .0714484927862525 -.009486350389409065 -.05837165914670825 .06118952302898765 -.008132024955666065 .0978644832578659 .023847660765844582
26.8 .031428131856381894 .1650824567990482 .04961049126498103 -.041288352981668705 -.03537619165318608 .04398257218106389 -.0811814394368291 .10462626071015596
27 -.10930597917222977 .07411535623450875 .04487535636447668 .021573673914784194 -.021081640755301716 -.07457869969126582 -.008229616446357968 -.09692974540812373
27.2 -.025145619348889592 .010308948314648868 .00032028624926209526 .06461713475930095 .053905791744428874 .023743183780533073 .05020862683044672 .031183987122309208
27.4 .013783757570439576 .026006273429453372 -.05673852893605828 .03360477058926821 -.06670360374248027 .020336147594296933 -.07304799840980768 .0027736319866359244
27.6 -.03362810244017243 .04809064848707318 -.06006072652659416 -.041711898112005 .024340579795032742 -.07720737609697581 .021828378741258384 -.044615418927580114
27.8 -.0709418110468924 -.005633654782122374 .012104202406722308 -.058187762889766695 .041677014260143044 .046821575453615184 -.02070817611728311 .04698098164127469
28 -.01668572215925455 -.06280413496384024 .06578909416723251 -.025444010605424644 -.07338848204131126 .004582561354005336 -.04865816531075835 -.005942928383129835
28.2 .057260538212871546 -.010769669689160585 .045979240793091056 .04837439236962199 .04202034054989219 -.04683065177926421 -.01695751562190652 -.013735832349765302
28.4 .01918457738867402 .10307426332663894 -.02172508930065632 .051681661867034434 .015792561425435545 .051855458378601074 .05973019801608324 -.03491387950434685
28.6 -.14574985894679426 .12211762832698823 -.0628427485331297 .013261738190495968 -.0460041840053618 -.03363542026088834 .022389324948817492 .13080370844995975
28.8 -.21417181523183584 -.07232572210134865 -.03585090614588857 -.04519240026749969 .05241083271424771 -.016116611632078885 -.188473235789299 -.028335631208324434
29 -.04346296680698991 -.22131008404561878 .024395639884096383 -.05346560972754955 -.012380941262060402 .04740645223605037 .07516634697129726 -.17751700251948238
29.2 .11377790437737108 -.1520604350845933 .04431050472390652 -.0036052772361874572 -.0181711217856884 -.04134043147993088 .12448286252563596 .14759101311162115
29.4 .0949485239189446 -.03691726383109093 .02398333455995321 .04522300800147057 .050751942752784496 .009271314263063669 -.11969349002720714 .06428420739825964
29.6 .026805400367695097 -.03452998618104458 -.02863879278395176 .0468935325809896 -.04639605421771407 .04726151911522746 -.029712880744010208 -.06897528710576893
29.8 .0964169055001378 -.10174785681259035 -.04691498261187077 -.010496698435068131 -.00817578549566865 -.05399418789924383 .030903579177838564 -.08417583039222956
30 .24231816983768342 -.006473264384281635 -.0134530306676507 -.05050803675161004 .056536603737300635 .043844673383533955 .14283232217520475 .021048976456999782
30.2 .2588020995763242 .23018662429004907 .04285269505578875 -.0393775314948678 -.04769424166297317 .010872178841000795 -.10106311502073406 .2137575366503179
30.4 -.015966449651300903 .3468337011236191 .03812753061794042 .011101124507260323 .03405520970506668 -.04739663666572571 -.18676680585892796 -.18662314486890436
30.6 -.2581294195356071 .17324114901340604 .003550530982279777 .04867415834321975 .03186315081048012 .04869154568266273 .22954605846030712 -.06169238377755881
30.8 -.2358994835490942 -.07041578809823394 -.03505809908738136 .03009286452333927 -.04863893664759994 -.009978480858898162 -.025369703795325757 .19644117255043983
31 -.0364681138522625 -.1470526917821646 -.03877520644807219 -.02345742692850232 .04538685653631091 -.026660075634294747 -.0974565909661889 -.09374313368189932
31.2 .052609128730440144 -.014683474163079262 .01153014015058279 -.04055568767855167 -.006462990277993679 .047500104475820065 .03768334799818396 .012060780153924228
31.4 -.029233763111507896 .03147200762125254 .03854888836657405 -.018870477299916744 -.03943573617786169 -.0339609372668922 -.046499239740449186 -.05583116275426149
31.6 -.08435540275341868 -.06913410414830445 .023301932444554568 .03326566174820662 .052331314086699485 -.0059799543488919735 .15080086158040168 .005523076523154974
31.8 .007033744157391788 -.15413649772047996 -.014219480035150051 .03241696075026989 -.02917364229143858 .03842650534419417 -.09949934871577025 .15215821576905847
32 .1177477053379655 -.08532581860554814 -.04840831277341246 .0038192982430279255 -.023937097828769682 -.04926987123063206 -.05679399975863099 -.1650518355541706
32.2 .12191038163503408 .07515839173053503 -.01744181815558672 -.02823606723361611 .03997873244444132 .018884909231024982 .13223914081730245 .036991977220904824
32.4 .008075304039227963 .11166089489635825 .017740063447761533 -.039026156088215115 -.04121869948096275 .027642140074056385 -.09506460651908516 .057085186749625205
32.6 -.0726980159847021 .02423800717586875 .04528425441329479 -.0036205026629984377 .010816502434736489 -.044761215210705994 .03414212413718104 -.07823978477222324
32.8 -.0326473007968843 -.03648200534935593 .022776383899980785 .03910663975237608 .034076850148969884 .030130640935009716 -.0032855323002338403 .06055682482257485
33 .030835203641796108 -.029435420600378515 -.02647753833976388 .039230238708794114 -.041512161777025464 .006946877483129501 -.03461478598915935 -.05100961105687022
33.2 .016102137644577026 -.005298603749132156 -.0281126610176146 -.003432735487234594 .018122876754051446 -.03148767150832415 .06576106139205694 .014952397823888065
33.4 -.013682998679548503 -.003472567501574754 -.016167340544962883 -.04078565560211539 .02110891096625328 .03201740490458608 -.03456679331997037 -.006163049287599325
33.6 .028781411220991614 -.05441316141231656 .0303863923817575 -.012686660119473931 -.02914238890485764 -.02530927148023248 .05760162997029424 -.006824991408056021
33.8 .05600840791423917 .006019833621108531 .025899381742972138 .02266283235797286 .041009574819505214 -.024202341754239798 -.055531695993113514 .06889114586297274
34 .02842728536993861 .08678737638286352 .0011804115562558167 .03332800799884796 -.0174614642365098 .03092395783612132 -.028274946857869625 -.12354736422367692
34.2 -.02166387345610261 .04526741267234087 -.030756975368577244 .00910468044424057 -.03220951873800158 -.029413189922887086 .11998437530231476 .020738150759619475
34.4 -.024504091397780182 -.024360406276571753 -.01709783684774041 -.020112189741384984 .044860335261815786 .009982909587335586 -.039229377308291194 .08008345675219894
34.6 .020582704941195247 -.009457359115719795 .011442856686282157 -.03878508485307097 -.017677769147497413 .03602233785288334 -.05552865646366477 -.0383087623617053
34.8 .025789199091768265 .04097292125189901 .043769931232798105 .0014911013333499448 -.009787557644361258 -.04793485633157492 .023088764991182086 -.030983571765989065
35 -.03928615247263312 .07317330620577335 .028136490644788743 .02882785361851454 .029239670024836063 .023358418411028384 .06629479344229101 -.0282351954410255
35.2 -.09121356228774787 -.012084269460165501 -.00809998515651226 .02675477953697443 -.03774523192943931 .024271308161556718 .011957003615605831 .08509919507465959
35.4 -.036074792354547976 -.05814058754723072 -.026184650234407185 .0023555596053361897 .00733917285014987 -.030246428054356574 -.11579331732970476 -.03196417531912327
35.6 .027018873613363505 -.039862073762404915 -.02071977772730589 -.032655136109369994 .017820656622529032 .02325913223465085 .0387913473111093 -.07738858338820338
35.8 .01079152550061345 .014605853999429942 .02117454639775753 -.024919423896098136 -.03889200852443576 -.004120695818614959 .039308501706731315 .04002383919361234
36 -.05029061459522247 .002204913164454699 .03088568697423935 .004774964240026474 .016667039059430358 -.012507841943067309 -.012382422160249948 .022096908427923917
36.2 -.01596541972085238 -.06044310378196835 .007403813411903382 .02673714023734927 .009087628697425127 .0343400523757577 -.020286732740974426 -.0017219344068825238
36.4 .05623677368431092 -.08022771031132936 -.011295184465998412 .01817760968747735 -.030610090798425676 -.009417578539144994 -.002565273552048206 -.057085183341968056
36.6 .0868093631643653 .009095458611160515 -.010606004574388263 -.005401201600575447 .030857533789813516 -.006487864195764065 .06730133266629577 .02135223173148036
36.8 .016092261487400533 .05801123444263339 .0014377621618807323 -.01605984270629883 -.009683752191615103 .021580337820434572 -.05200985247834325 .0469208568906486
37 -.02769015004013777 .028578589009636637 .01690006794947982 -.006299721322876215 -.0025965939359903316 -.030831094090610744 -.0037339997227609136 -.05412056525276303
37.2 -.008565310686165095 -.0027912656715810306 .02652841549919844 .016011080846607684 .026722004663467407 .01174999641201496 .03412422369301319 .032735552216094733
37.4 .020641283758872746 .025913536541014907 .003928026263856887 .03135612524413466 -.01519555153772235 .006979928065812588 -.029662167195779087 -.0017679815560221676
37.6 -.029276597671365735 .0655522445747018 -.023085659572058916 .006646520413535833 .004865274549859761 -.018299814442610737 .04262366894080639 -.0013430077065289014
37.8 -.08680749177159071 .012223111518579721 -.020213984825587273 -.023393893585854766 .020762114646577835 .0181756242190063 -.04525893750063181 .04098653332729935
38 -.056012184603238105 -.08822681549780369 .006865495614755154 -.02691806656662226 -.020126546936404706 .0008831717829406267 .018643140177738667 -.04375339710891843
38.2 .06838090003281833 -.08527379113625884 .025046931431233883 .001573504608082772 .005021839922869205 -.024583084506982565 .008600036791396141 .06231414905897378
38.4 .13317045781829356 .025952397388440372 .003524924237579107 .015693276996421812 .012936728921884296 .028956231569319965 -.07109676584712864 -.03353130402324796
38.6 .04645385448831916 .11094930421289802 -.007631399227857589 .010705000408637522 -.023178059355658292 -.019981826435995102 .10033275752469897 -.024583013076388837
38.8 -.06756796482750774 .08311156085528731 -.009723299188297988 .0018479511207401753 .009912884455698729 -.011624909815102814 -.03825790269646645 .10497901440402865
39 -.09237589215850829 .0030388990236520762 -.006327531649696827 -.009920324554592371 -.0034376132329106326 .021219164025056362 -.054662371667557955 -.08771673069227337
39.2 -.020778794011509418 -.032705871914207936 .011632255837762355 -.013147094623965024 -.01104867650052309 -.025063358506906032 .09606373239763379 -.009982593616247176
39.4 -.0031206499788641925 .015170454848873617 .021816459818035365 .0022905709588527676 .024559328387916086 .013424036150473358 -.0053741150898575785 .058879492142772674
39.6 -.04383269557981491 .014961396301096677 .0029515022317767132 .004778635278528929 -.013243929189956188 .01464888635598421 -.018757236071151494 -.00799271824787259
39.8 -.0430467646455884 -.06421514801472425 -.00932621739834547 .0061746679041981695 .0031753048494637007 -.02430207201074362 -.020426319280821083 -.011709403326147795
40 .04753651328366995 -.0792210926419735 -.012968986596131325 -.0029911743285298362 .0021957649703562253 .019396901414895057 .06232846358209849 -.036372918058288094
