0.2 1.64084671497633E-03 -5.03534838223106E-03 -1.87010365742634E-02 -0.594749807494129 -1.87010365742634E-02 -0.594749807494129 -1.83760689549492E-02 2.85682624434958E-02
0.4 1.02584658738336E-02 -8.80192061848964E-03 0.400318227583152 -0.709783958546164 0.400318227583152 -0.709783958546164 0.042413016110287 0.017066361723508
0.6 2.03016706914986E-02 8.18394162679857E-04 0.834005152818762 -0.475105281249882 0.834005152818762 -0.475105281249882 -8.1548996636515E-03 2.24994164663181E-02
0.8 2.13269881330044E-02 2.01790393276157E-02 1.05924513452376 1.95109893003129E-02 1.05924513452376 1.95109893003129E-02 2.42161434945152E-02 2.9210635125117E-03
1 -7.68740066215745E-03 3.22875178095503E-02 0.92980838479001 0.647278124002554 0.92980838479001 0.647278124002554 -1.41896483648785E-03 1.03970106646002E-02
1.2 -2.43909836633687E-02 1.01185661449789E-02 0.459400539473446 1.06540076338701 0.459400539473446 1.06540076338701 2.21578941273097E-02 -6.33543113748652E-03
1.4 -1.20857644877538E-02 -1.53508935225782E-02 -0.199140878818189 1.17317260479485 -0.199140878818189 1.17317260479485 0.014608677121166 -3.43827557380165E-03
1.6 1.22933344376866E-02 -1.36665702417142E-02 -0.813803258765745 0.85192209944858 -0.813803258765745 0.85192209944858 3.21393722226595E-02 -2.72282485746444E-02
1.8 1.22033164590427E-02 -3.58331072595309E-03 -1.15505218464818 0.261335180877362 -1.15505218464818 0.261335180877362 2.07256129808198E-03 -7.84648643606545E-03
2 -7.87391710319255E-03 8.23319670805453E-03 -1.06704439574041 -0.436818864259091 -1.06704439574041 -0.436818864259091 -1.71503095187717E-02 -3.58842117461912E-02
2.2 -2.86101464337921E-03 -1.73121803460499E-02 -0.616040645828562 -0.96801659749153 -0.616040645828562 -0.96801659749153 -1.24430517276665E-02 -2.5080747533419E-03
2.4 1.90046949661708E-02 -1.81262278692197E-02 7.26434005506638E-02 -1.12521045473287 7.26434005506638E-02 -1.12521045473287 -5.08593038334544E-02 -2.54171402638016E-02
2.6 4.38705857513753E-02 1.52029325556409E-02 0.747762660819302 -0.84475043531934 0.747762660819302 -0.84475043531934 1.32369194949163E-02 -9.84027054478862E-03
2.8 2.21880461593161E-02 5.59834873118774E-02 1.10036688940468 -0.239160511479544 1.10036688940468 -0.239160511479544 -2.72092606440562E-02 1.12796553923382E-02
3 -3.42683693244172E-02 5.82994779585131E-02 1.03939359917047 0.466105901855911 1.03939359917047 0.466105901855911 2.01438451866419E-02 -4.40406272100516E-04
3.2 -6.49295867246972E-02 9.58662021627492E-03 0.576159109368968 0.991868782835115 0.576159109368968 0.991868782835115 -1.31476515268512E-02 4.04425593097289E-02
3.4 -4.23422162043035E-02 -3.40411299055092E-02 -0.109313325688738 1.15532938259947 -0.109313325688738 1.15532938259947 -1.62283862208673E-03 -2.25065009489293E-02
3.6 -6.89088706332434E-03 -4.47124110479895E-02 -0.756865654597344 0.88291566147164 -0.756865654597344 0.88291566147164 -6.2423980878646E-03 3.27789170722103E-02
3.8 4.64544886645882E-04 -2.89546648986537E-02 -1.12265398656173 0.283726993227874 -1.12265398656173 0.283726993227874 -3.46814735725655E-02 -3.45071679882995E-02
4 1.29834113230598E-02 -2.74470199852093E-02 -1.0712604699039 -0.413493458315852 -1.0712604699039 -0.413493458315852 1.28827245386402E-02 9.34272789667887E-03
4.2 1.70273009532063E-02 -2.55007533036539E-02 -0.620136242256694 -0.94670281342724 -0.620136242256694 -0.94670281342724 -5.51891638182853E-02 -7.87090291061468E-03
4.4 4.21356170517822E-02 6.78050001116573E-03 5.22444120540539E-02 -1.11266991975829 5.22444120540539E-02 -1.11266991975829 1.45915260250992E-02 -1.69306436348573E-03
4.6 3.57156703803596E-02 3.43314022986015E-02 0.688045863957089 -0.850289638333603 0.688045863957089 -0.850289638333603 -0.052167756872009 4.64376820900399E-02
4.8 1.54619338975732E-03 5.27109029921453E-02 1.04795955494428 -0.26554419357146 1.04795955494428 -0.26554419357146 -1.83420556812563E-03 8.48837832594098E-03
5 -2.37513007279411E-02 2.87866525378507E-02 0.9880917363314 0.413695879829901 0.9880917363314 0.413695879829901 -4.42824367718848E-02 5.40606357133834E-02
5.2 -2.30322121724975E-02 -2.14406644047315E-02 0.544723520545621 0.927592689754543 0.544723520545621 0.927592689754543 -1.41747304244417E-02 -2.96744010679097E-02
5.4 1.44145529973003E-02 -2.53220750291681E-02 -0.116411845541394 1.07391956275703 -0.116411845541394 1.07391956275703 1.43485885034705E-02 4.13931861127179E-02
5.6 4.07860852447147E-02 1.17577258511962E-03 -0.735927650949943 0.803878379020153 -0.735927650949943 0.803878379020153 -9.52861484866281E-03 -3.44118397236151E-02
5.8 1.89672273344659E-02 4.43126389845675E-02 -1.07034155280545 0.219390671671443 -1.07034155280545 0.219390671671443 5.04705416275482E-02 3.37682627352631E-02
6 -1.01277005548682E-02 8.56106356516876E-02 -0.998302845323967 -0.442722487307698 -0.998302845323967 -0.442722487307698 -6.11001879872476E-02 1.24417962235428E-02
6.2 -7.58087983595267E-02 6.46152712085034E-02 -0.544183148119975 -0.942500024468593 -0.544183148119975 -0.942500024468593 -3.45599920973183E-03 6.24700534077902E-02
6.4 -0.10693462657598 1.93720735206121E-02 0.110904200558031 -1.06852033194779 0.110904200558031 -1.06852033194779 -8.67566804177568E-02 3.99993562864365E-02
6.6 -0.111513945500955 -5.90147377614337E-02 0.713973060771352 -0.794628207544293 0.713973060771352 -0.794628207544293 8.66232567519927E-03 6.19909648754096E-03
6.8 -4.85658351567791E-02 -0.116963830246446 1.03401562232635 -0.209524429431238 1.03401562232635 -0.209524429431238 -9.12789660607803E-03 0.024515449828632
7 2.98409955850312E-02 -9.71178540615348E-02 0.940355167725798 0.441507833490265 0.940355167725798 0.441507833490265 7.15862674594889E-02 1.46803562381282E-02
7.2 5.41677552513376E-02 -5.51670268992939E-02 0.469311083669692 0.918219685747608 0.469311083669692 0.918219685747608 4.31905132282156E-02 5.62444503455362E-02
7.4 4.73812217535934E-02 -2.64269824463252E-02 -0.183949339136548 1.01688693135827 -0.183949339136548 1.01688693135827 5.01027777033547E-02 0.027390262186175
7.6 0.032636950872931 -0.02421000759586 -0.759696997288496 0.712435816568157 -0.759696997288496 0.712435816568157 -3.55422444705733E-02 -1.0617383343176E-03
7.8 5.99592304181373E-02 8.6671256708404E-04 -1.04766670176115 0.114030844466557 -1.04766670176115 0.114030844466557 1.61349972080291E-02 -1.54632277682588E-02
8 4.64410028305103E-02 6.04713122340763E-02 -0.923348920683771 -0.528177538744089 -0.923348920683771 -0.528177538744089 -3.56167162346807E-02 1.08526650049065E-02
8.2 -1.56344263303327E-02 7.56293816331085E-02 -0.43811914060009 -0.97819421972897 -0.43811914060009 -0.97819421972897 0.072795973364691 -1.08166554708447E-02
8.4 -6.67319155580095E-02 3.07323549469214E-02 0.20937243709001 -1.05617671057257 0.20937243709001 -1.05617671057257 2.53517605789709E-02 5.44086975039835E-02
8.6 -5.62665341281556E-02 -6.36867687807369E-02 0.783155113867144 -0.731882443432116 0.783155113867144 -0.731882443432116 8.32139999270896E-02 1.6469985540933E-03
8.8 7.57784945001859E-02 -8.20458688982236E-02 1.05371825028878 -0.135809861752448 1.05371825028878 -0.135809861752448 -1.16506295324476E-02 7.79876019829585E-02
9 0.103219328617603 2.99566259086264E-02 0.923400216803771 0.496038080289797 0.923400216803771 0.496038080289797 1.36830184705719E-02 -4.93575281723813E-02
9.2 2.68561760570465E-02 0.13187751799576 0.436071360633139 0.936107023923098 0.436071360633139 0.936107023923098 -4.89819006858744E-02 -1.03736110173272E-02
9.4 -6.48739164509534E-02 2.91826148768956E-02 -0.197718186021289 0.99431823257279 -0.197718186021289 0.99431823257279 -4.95736763117615E-02 -9.21748243036901E-02
9.6 -4.01318618799135E-02 -6.41458295950833E-02 -0.75844136261663 0.669353563994139 -0.75844136261663 0.669353563994139 -5.72360507174623E-02 3.98143100895347E-03
9.8 4.21967356498041E-02 -3.50405506376842E-02 -0.998450833756178 0.085398263770332 -0.998450833756178 0.085398263770332 -7.82579722713927E-02 -7.46597320161316E-02
10 4.95310975667305E-02 6.58993565885423E-02 -0.861153051838152 -0.535626968225623 -0.861153051838152 -0.535626968225623 -2.13703453986919E-02 3.39242791735052E-02
10.2 -4.26310693942866E-02 9.62051363351464E-02 -0.376359535646869 -0.936258643720759 -0.376359535646869 -0.936258643720759 -8.73041230086438E-02 -3.06859449848079E-02
10.4 -0.124051725512189 -1.81227180913663E-02 0.254075079099693 -0.991167619981222 0.254075079099693 -0.991167619981222 2.09942043845731E-04 3.10640592693104E-02
10.6 -0.047730959746557 -0.110738583342308 0.781034457229233 -0.646624208041742 0.781034457229233 -0.646624208041742 -8.47368867432087E-02 -0.014306022179137
10.8 7.22798516788151E-02 -0.113805194668421 1.01584883058386 -7.45585324126423E-02 1.01584883058386 -7.45585324126423E-02 1.53594905440391E-02 -6.03958974661427E-02
11 0.10381019422755 4.1545965415522E-03 0.84845459517863 0.537390410984023 0.84845459517863 0.537390410984023 -0.076623147328831 -3.62382367126581E-02
11.2 5.77806535700201E-03 1.78055894020617E-02 0.378887534765133 0.922307685103079 0.378887534765133 0.922307685103079 3.33801630937756E-02 -6.44474467575127E-02
11.4 -1.82263964424204E-03 -3.44137846409862E-02 -0.235639257461043 0.945156088919498 -0.235639257461043 0.945156088919498 -5.15702049680105E-02 6.10696256840797E-02
11.6 5.59818578459388E-02 -0.048358344806236 -0.744350938980293 0.616709196848417 -0.744350938980293 0.616709196848417 -7.81802024347012E-03 -5.29805597157793E-02
11.8 0.115308796740308 2.45503996874813E-02 -0.94187990062335 3.34755730872221E-02 -0.94187990062335 3.34755730872221E-02 -6.00461400375959E-02 0.089810413420544
12 4.94215261596736E-02 0.112965594018039 -0.775313565526116 -0.530904609460891 -0.775313565526116 -0.530904609460891 -7.67659083709025E-02 -5.95118880943011E-02
12.2 -3.86868336112321E-02 7.80830856341342E-02 -0.2939671947777 -0.901442453000755 -0.2939671947777 -0.901442453000755 7.73822906231823E-03 1.85349190076829E-02
12.4 -4.35476517227101E-02 4.20018427577915E-03 0.304090896326051 -0.900474669902147 0.304090896326051 -0.900474669902147 -3.03972198956597E-02 -5.50826615255388E-02
12.6 -5.21539512101691E-03 3.41810044636034E-03 0.781372813807271 -0.551963816568502 0.781372813807271 -0.551963816568502 8.81698545390764E-02 -3.06628236553763E-02
12.8 1.85464212474254E-02 5.98877181243318E-02 0.968400802697263 2.31803268426075E-02 0.968400802697263 2.31803268426075E-02 -1.95633843969899E-02 2.48549220236928E-02
13 -5.51676899927025E-02 8.20965089280274E-02 0.774350188458298 0.587307712603252 0.774350188458298 0.587307712603252 7.38408951986834E-03 -7.02126659137452E-03
13.2 -0.12054244304364 -8.3248895784269E-04 0.275297005211267 0.932420828247376 0.275297005211267 0.932420828247376 -3.97813650983091E-02 0.043945031451033
13.4 -6.11295275235432E-02 -0.067916840165142 -0.313120593826263 0.912958476122625 -0.313120593826263 0.912958476122625 -3.89527954140062E-03 -1.29424130270163E-02
13.6 -0.006517530955339 -4.40979253488941E-02 -0.793039738772361 0.539018878215046 -0.793039738772361 0.539018878215046 4.33278616387703E-02 -1.65864967694569E-02
13.8 -2.17549480417593E-02 -1.44878408361445E-02 -0.943111751828738 -3.20592532314221E-02 -0.943111751828738 -3.20592532314221E-02 3.82960894397271E-02 9.45422439937076E-03
14 -4.56353006689104E-02 -5.43094481922321E-02 -0.726145871984716 -0.583255525718095 -0.726145871984716 -0.583255525718095 5.05073479838307E-02 -8.32138572657182E-03
14.2 2.19471816754062E-02 -0.131336567937051 -0.222919232159631 -0.890150060200635 -0.222919232159631 -0.890150060200635 4.61969297079205E-02 7.64937648348123E-02
14.4 0.1388133933688 -9.92590147523364E-02 0.35487172956004 -0.852414403157792 0.35487172956004 -0.852414403157792 -2.16145795216209E-02 1.88537436438837E-02
14.6 0.183516438637633 6.66074444697115E-02 0.799928087260744 -0.452827158991353 0.799928087260744 -0.452827158991353 -4.26870212697772E-03 6.40860961485865E-02
14.8 6.27308976702015E-02 0.171650000343741 0.922587860155319 0.097880713953487 0.922587860155319 0.097880713953487 -7.25595951109609E-02 1.84659011993189E-04
15 -9.68330994084086E-02 0.145990349450202 0.679586265359441 0.647608057999152 0.679586265359441 0.647608057999152 2.64713704564448E-02 1.99893545962541E-02
15.2 -0.135130553597155 1.77633410327523E-02 0.176899439881031 0.921928924958509 0.176899439881031 0.921928924958509 -2.84612630083164E-02 4.76295430524826E-02
15.4 -6.64460473245277E-02 -5.75308154134252E-02 -0.406056044792432 0.859617170900065 -0.406056044792432 0.859617170900065 4.69032464207769E-02 2.00043408810017E-02
15.6 -2.07940128416325E-02 -4.19239225196043E-02 -0.824359362420563 0.457980878190429 -0.824359362420563 0.457980878190429 5.85931725496508E-03 9.98568084341686E-02
15.8 -2.60759329887471E-02 -6.49424830217956E-02 -0.943668546411887 -0.113665218856907 -0.943668546411887 -0.113665218856907 1.88257599704275E-02 1.33124579347379E-02
16 -8.49711761325597E-05 -9.97288690419217E-02 -0.693921499474707 -0.629460724338727 -0.693921499474707 -0.629460724338727 0.011943048002385 7.63167070166248E-02
16.2 0.115897340760703 -8.88995681827258E-02 -0.192461419252368 -0.912055383056569 -0.192461419252368 -0.912055383056569 -2.50520774727224E-02 -4.21261014540048E-03
16.4 0.157508536839286 0.026987699131042 0.379170575743462 -0.835774915555457 0.379170575743462 -0.835774915555457 -3.66237206253123E-02 1.76781379106444E-02
16.6 8.23170517274517E-02 0.132717656025165 0.77814861808366 -0.440974811529809 0.77814861808366 -0.440974811529809 -3.75234311343574E-02 5.76097362352691E-03
16.8 -5.56218231851286E-02 0.14395507881347 0.883707616310961 0.132973345539952 0.883707616310961 0.132973345539952 1.12791267949573E-02 6.83941356563866E-03
17 -0.14406636251986 5.06472575979974E-02 0.625068018434091 0.622854102710358 0.625068018434091 0.622854102710358 2.62428827195678E-02 4.68302976266269E-02
17.2 -0.122953593420157 -3.01094968533467E-02 0.112793710151941 0.892660476940679 0.112793710151941 0.892660476940679 2.98997524139856E-02 -4.50687377684629E-03
17.4 -8.55801351842474E-02 -7.63723895929724E-02 -0.431328091301434 0.794602642955 -0.431328091301434 0.794602642955 -2.71156883157472E-02 3.04093290897475E-02
17.6 8.40613503975791E-03 -0.126286096939535 -0.820980231669702 0.395680099744595 -0.820980231669702 0.395680099744595 -2.28459372789358E-02 -0.02352137743391
17.8 8.32686799432474E-02 -0.125763007761352 -0.893460914471361 -0.173891259504632 -0.893460914471361 -0.173891259504632 -9.14288428049388E-02 1.52009212190371E-02
18 0.162547278067613 -4.58167242696385E-02 -0.628475557375802 -0.650073264569542 -0.628475557375802 -0.650073264569542 -4.27509484073397E-02 -0.094618922910367
18.2 0.139911974395759 9.22139659756254E-02 -0.113793558105267 -0.900225253045696 -0.113793558105267 -0.900225253045696 -4.03015829179042E-02 2.33285463083844E-02
18.4 2.37329932701261E-02 0.136501176643964 0.425370237449392 -0.793632514460806 0.425370237449392 -0.793632514460806 -2.12964873030939E-02 -0.045640916547199
18.6 -0.103544583274391 7.90963493955221E-02 0.803267111643839 -0.379400613576916 0.803267111643839 -0.379400613576916 3.24947681966658E-02 3.81113012583979E-02
18.8 -3.75214227436326E-02 -1.33673252179908E-02 0.864994142449282 0.164762436831229 0.864994142449282 0.164762436831229 -6.61375035244281E-02 -3.39264807283627E-02
19 3.84348317391562E-02 1.77881035631239E-02 0.590203926185213 0.651140449206272 0.590203926185213 0.651140449206272 -7.21786362783539E-03 7.04086255896682E-03
19.2 -5.46302225925937E-04 0.075471175682472 8.46757807538378E-02 0.861969823171406 8.46757807538378E-02 0.861969823171406 -5.58552750129001E-02 -5.64560664538715E-02
19.4 -0.100609385735841 5.42880367368789E-02 -0.449211915052178 0.747261454876041 -0.449211915052178 0.747261454876041 3.02063876838833E-02 -5.68954366781454E-02
19.6 -0.097771778411487 -8.64719896930902E-02 -0.807027245653681 0.324781917412046 -0.807027245653681 0.324781917412046 -5.56465961613842E-02 -7.08528794517588E-02
19.8 3.79511949203492E-02 -0.125847255128481 -0.845276122398036 -0.213014183110513 -0.845276122398036 -0.213014183110513 -2.83522838228666E-02 -9.75325483518129E-02
20 0.105785196582715 -1.64548430268442E-02 -0.548104253698521 -0.694611717712189 -0.548104253698521 -0.694611717712189 -4.12345730882196E-02 -2.47063810904653E-02
20.2 5.86872194298083E-02 6.37796438603621E-02 -2.88600062605391E-02 -0.882456885989746 -2.88600062605391E-02 -0.882456885989746 -1.75256517700864E-03 -4.33755806207202E-02
20.4 -0.109443189030776 3.16265316091137E-02 0.49663511749733 -0.738872083080962 0.49663511749733 -0.738872083080962 -3.46470277897792E-03 -0.018818146823498
20.6 -0.032362403390296 -0.1001723554386 0.830883895994861 -0.306430756070718 0.830883895994861 -0.306430756070718 -1.37771887475501E-02 -1.33273355658258E-02
20.8 0.141121471639723 -8.82468718702454E-02 0.851555062352162 0.234047830705085 0.851555062352162 0.234047830705085 4.35530453662474E-03 -8.18950757968499E-03
21 0.154846651936128 9.81950279633616E-02 0.547099113537808 0.681959423921617 0.547099113537808 0.681959423921617 5.16855284445559E-03 -4.28664308461261E-02
21.2 -3.70640848486457E-03 0.216914096617384 3.96790910283781E-02 0.857487135247291 3.96790910283781E-02 0.857487135247291 1.84462111306306E-02 -7.44814419305428E-02
21.4 -0.202389922510763 0.10232482367928 -0.46901892184766 0.694103533885125 -0.46901892184766 0.694103533885125 1.01764125125474E-02 -0.15852561941042
21.6 -0.165098583706112 -5.16272412030785E-02 -0.796459868139229 0.26474447351132 -0.796459868139229 0.26474447351132 6.85679086840803E-02 -6.24218851106983E-02
21.8 -4.42832034590666E-02 -0.105201160457146 -0.80801691610911 -0.273860716106425 -0.80801691610911 -0.273860716106425 5.38639950925865E-02 -7.86029333187637E-02
22 3.95785785744601E-02 -0.015976921292527 -0.491615692508432 -0.697977379606646 -0.491615692508432 -0.697977379606646 5.22559713922954E-02 5.65667768245704E-05
22.2 -4.35630977711544E-02 1.75423059280933E-02 1.48604629125866E-02 -0.869001850223542 1.48604629125866E-02 -0.869001850223542 -1.13218037170979E-02 -3.08172512740732E-02
22.4 -9.26629670306297E-02 -8.82468381471181E-02 0.524340827311929 -0.703222322525444 0.524340827311929 -0.703222322525444 0.021623469718653 -8.70919141134519E-03
22.6 6.34903838931277E-03 -0.171185744581998 0.833701594609056 -0.266369082299778 0.833701594609056 -0.266369082299778 -8.80965329980656E-04 -6.13361454687486E-02
22.8 0.142340416443278 -0.114330927464791 0.834690636418097 0.262978289412055 0.834690636418097 0.262978289412055 8.40745772348964E-02 -8.58161629120512E-02
23 0.139386558826145 2.24425385806221E-02 0.519504096529817 0.695225607208038 0.519504096529817 0.695225607208038 3.60638342357268E-02 -5.00590480452584E-02
23.2 6.95570412819035E-02 0.043105939755179 6.29982795756217E-03 0.860306144996911 6.29982795756217E-03 0.860306144996911 8.28721462243941E-02 -3.62714977772087E-02
23.4 6.86131441650363E-02 6.26172372053992E-02 -0.489564383904207 0.702202073558045 -0.489564383904207 0.702202073558045 4.61469695293709E-04 3.02285527169912E-02
23.6 8.50921220629717E-02 5.43544609805889E-02 -0.794234577363047 0.269122535158979 -0.794234577363047 0.269122535158979 -0.032251995511682 7.30548448117865E-03
23.8 3.44276536521743E-02 0.144891739635646 -0.777953252557748 -0.254316193449199 -0.777953252557748 -0.254316193449199 -0.120210523535106 7.05712810073678E-02
24 -9.50388403255344E-02 0.140690316263786 -0.475500209890045 -0.664019984838261 -0.475500209890045 -0.664019984838261 -7.60727054185759E-02 -2.16826738370868E-02
24.2 -0.157020373000046 -0.007668974699325 2.56087265322776E-02 -0.820965935663384 2.56087265322776E-02 -0.820965935663384 -5.66098303962976E-02 4.39443839127767E-02
24.4 -0.074224890136537 -0.106894810048304 0.49830147617201 -0.646713563371714 0.49830147617201 -0.646713563371714 -1.57279876877448E-02 -5.48400791153602E-02
24.6 3.79181646133569E-02 -7.35100895764867E-02 0.792544702579184 -0.227501663015248 0.792544702579184 -0.227501663015248 3.64203805939421E-02 3.03178004111906E-02
24.8 2.56858892648137E-02 3.85727886365856E-02 0.771039128929686 0.288364672682652 0.771039128929686 0.288364672682652 -0.056935506222565 -2.24774425824168E-02
25 -0.05866336836546 4.47499411516186E-02 0.456637945940383 0.684817776619742 0.456637945940383 0.684817776619742 -4.91121098462807E-02 0.044976611571589
25.2 -5.30315594483023E-02 -8.63430699032403E-02 -0.029132784292029 0.806045814532001 -0.029132784292029 0.806045814532001 -0.194397528959717 7.81814488582225E-02
25.4 5.56686337272365E-02 -0.113777121523255 -0.510097142865091 0.645780129750992 -0.510097142865091 0.645780129750992 -0.112932497296634 6.02037912238362E-02
25.6 0.107426320056699 -4.37470941710761E-03 -0.763791664581022 0.207605085159902 -0.763791664581022 0.207605085159902 -0.208665161993157 0.105604310256424
25.8 -7.34870896574384E-03 6.79613751376972E-02 -0.777079676382318 -0.277066121266701 -0.777079676382318 -0.277066121266701 -2.56001469991662E-02 -3.86938707507435E-02
26 -0.074977756433846 -1.62206434373768E-02 -0.45356085023988 -0.658230634910423 -0.45356085023988 -0.658230634910423 -1.63718107077041E-02 0.125659182253596
26.2 1.52690735992407E-02 -0.136115881766878 3.01611044976409E-02 -0.810602375437805 3.01611044976409E-02 -0.810602375437805 1.01465157354626E-02 -2.44818672384789E-02
26.4 0.143360332835272 -9.26553035720759E-02 0.484194735349139 -0.603611243877185 0.484194735349139 -0.603611243877185 -1.70777048840937E-02 0.162856945099859
26.6 0.151332784776364 6.39088597783895E-02 0.741062889459024 -0.222090995182204 0.741062889459024 -0.222090995182204 -0.193135079527838 -7.41761898571174E-03
26.8 3.61003308695406E-02 0.168565686745645 0.732022803181665 0.295326164244681 0.732022803181665 0.295326164244681 -0.107831034559122 8.92912256704026E-02
27 -0.103628272638005 7.87932044230615E-02 0.413768035849408 0.650923289528772 0.413768035849408 0.650923289528772 -0.214096880835463 3.97685863154295E-02
27.2 -4.44551911189046E-02 2.92408833305763E-02 -6.15228032010775E-02 0.8092225518836 -6.15228032010775E-02 0.8092225518836 5.05179757269147E-02 -1.57468074990895E-02
27.4 1.01264969189309E-02 2.60792489055914E-02 -0.532765198320437 0.607107082057776 -0.532765198320437 0.607107082057776 -2.96301048466266E-02 4.07067915906042E-02
27.6 -3.61405893302702E-02 4.22336433133524E-02 -0.791929223416742 0.181877612389892 -0.791929223416742 0.181877612389892 0.114656486457713 1.83305717216908E-02
27.8 -7.22335897743451E-02 -2.92961048038978E-03 -0.758160065996848 -0.302673810448 -0.758160065996848 -0.302673810448 -1.67677981458599E-02 0.105573303394701
28 2.33477425347824E-03 -5.93851284858878E-02 -0.439272925882867 -0.693557665275426 -0.439272925882867 -0.693557665275426 6.31137825564635E-03 1.53850854151178E-02
28.2 6.80128078419694E-02 2.56797035468179E-03 1.97757934994231E-02 -0.815671468252299 1.97757934994231E-02 -0.815671468252299 -0.097552830857109 5.65827116358209E-02
28.4 6.2365475253006E-03 0.107464742244525 0.472174500102164 -0.624112325753133 0.472174500102164 -0.624112325753133 -0.073161448424335 -3.87081890724599E-02
28.6 -0.150419889267719 0.126612054559986 0.742541563724273 -0.227642752770697 0.742541563724273 -0.227642752770697 1.02147129404257E-02 7.08653026129674E-02
28.8 -0.207269907284614 -8.34498748627853E-02 0.696796633208154 0.274578487667954 0.696796633208154 0.274578487667954 0.07076437535604 2.85272185543919E-02
29 -4.56210910716213E-02 -0.224646727816668 0.385275890756756 0.629779347010138 0.385275890756756 0.629779347010138 0.151684873015452 0.111506006014171
29.2 0.112713443874077 -0.144558148869449 -7.38859071912829E-02 0.747685080420606 -7.38859071912829E-02 0.747685080420606 0.110950770095662 8.64739660767994E-02
29.4 9.43428377825381E-02 -2.45284409932742E-02 -0.499794154445869 0.563906628673385 -0.499794154445869 0.563906628673385 0.125709916879819 0.101956122809066
29.6 2.97217550201077E-02 -3.25773443123791E-02 -0.752013972209902 0.174788363449936 -0.752013972209902 0.174788363449936 5.23799751260073E-02 3.54656303536767E-02
29.8 0.085966599215609 -0.107547919883617 -0.695528103577558 -0.28029170047832 -0.695528103577558 -0.28029170047832 0.066192887917274 -2.30842636684185E-02
30 0.24216776020496 -1.44790110191347E-02 -0.395053023394738 -0.656286296092505 -0.395053023394738 -0.656286296092505 4.59268593569298E-02 -5.89567197286261E-02
30.2 0.262387267845884 0.215277330008371 0.059085391853215 -0.748599696426147 0.059085391853215 -0.748599696426147 0.134057042380119 -1.87191751159428E-02
30.4 -1.94236911621027E-02 0.34532952471338 0.485220707684134 -0.56818229495576 0.485220707684134 -0.56818229495576 0.166171345701476 -4.1960840819742E-03
30.6 -0.253113847045813 0.184943332510555 0.704883396706191 -0.200532568365417 0.704883396706191 -0.200532568365417 0.146700288619551 0.114749390943729
30.8 -0.229180685601485 -6.80705586878402E-02 0.659297603764049 0.279286580077117 0.659297603764049 0.279286580077117 0.142725900157144 0.013168976106778
31 -0.052358456828991 -0.137520084880434 0.372529571214243 0.597923847641886 0.372529571214243 0.597923847641886 0.132230043027401 0.112143500375528
31.2 3.77818776893997E-02 -2.77683801507275E-02 -5.81531970060771E-02 0.683737581866397 -5.81531970060771E-02 0.683737581866397 6.50466473500421E-02 -9.89635309674976E-02
31.4 -3.74856680906165E-02 0.02800547787661 -0.444988903851876 0.524222773953535 -0.444988903851876 0.524222773953535 0.198836795661519 -2.30805547230219E-02
31.6 -7.41271352377485E-02 -7.36718327147935E-02 -0.658983846872257 0.124966058316884 -0.658983846872257 0.124966058316884 3.72905458040428E-02 -9.15015210196111E-02
31.8 1.47376080070002E-02 -0.148071774396807 -0.606930012200689 -0.253462291858346 -0.606930012200689 -0.253462291858346 0.252192972430071 -1.65913935637205E-02
32 0.117866886519284 -6.57705095846841E-02 -0.341590508689916 -0.588172513771459 -0.341590508689916 -0.588172513771459 1.67861061549384E-02 0.103230682210032
32.2 9.92056818410894E-02 7.30954184733732E-02 5.67886561347888E-02 -0.671020742121146 5.67886561347888E-02 -0.671020742121146 0.165085504154863 0.029950044095399
32.4 -8.32057090242458E-04 8.71526593010915E-02 0.434308330188126 -0.501670149250189 0.434308330188126 -0.501670149250189 -0.04193526197597 0.147761762902661
32.6 -6.16643640556501E-02 6.68019035726977E-03 0.650141984255019 -0.159150153482539 0.650141984255019 -0.159150153482539 9.59212006527314E-02 -7.14732930758904E-02
32.8 -9.34671720386292E-03 -3.11478514869764E-02 0.604916896140675 0.256132674488103 0.604916896140675 0.256132674488103 -9.47655432332742E-03 6.47955753982252E-02
33 0.044438474509372 -1.66159560590651E-02 0.34320452615741 0.560034620755629 0.34320452615741 0.560034620755629 0.122987698402388 -0.145231909298207
33.2 -5.07765071870419E-03 1.05849676230337E-02 -4.59392512183867E-02 0.649531666152963 -4.59392512183867E-02 0.649531666152963 6.29092703971185E-02 5.91891741446071E-02
33.4 -2.89463660617828E-02 -6.33494868949729E-03 -0.417409243966869 0.499475691702915 -0.417409243966869 0.499475691702915 7.58632834020518E-02 -0.110794090342211
33.6 3.26179182969473E-02 -0.067939649223755 -0.6244165184104 0.156749888942815 -0.6244165184104 0.156749888942815 0.015170565341645 4.68473752350159E-02
33.8 7.40211165649436E-02 -5.11554703323832E-03 -0.584062470595737 -0.23120066891176 -0.584062470595737 -0.23120066891176 -3.59179929709302E-02 -7.63340291459563E-02
34 0.051224986289457 8.94106882728745E-02 -0.326692107940884 -0.538429014587572 -0.326692107940884 -0.538429014587572 8.49050041392958E-03 1.20501223276607E-02
34.2 -1.68724664679906E-02 6.65439226849339E-02 5.77495058673001E-02 -0.608364295976385 5.77495058673001E-02 -0.608364295976385 1.21055417622848E-02 -7.77612710788609E-02
34.4 -4.99008513440949E-02 -1.06091271627354E-03 0.408310563915132 -0.455663023675407 0.408310563915132 -0.455663023675407 0.129973782086123 5.83069992109467E-03
34.6 1.22852402660619E-03 -1.75117142262438E-02 0.599247936204581 -0.130390774916886 0.599247936204581 -0.130390774916886 5.15307404268243E-02 -1.96602559855466E-02
34.8 2.70034689411731E-02 2.04626022922825E-02 0.559169558853147 0.242156229217243 0.559169558853147 0.242156229217243 0.15141145508692 -1.03116203762304E-02
35 -2.30247888688536E-02 6.25840940376251E-02 0.309357457924886 0.516128472951045 0.309357457924886 0.516128472951045 -1.29114270707785E-03 -1.73031921571158E-02
35.2 -8.26913646114278E-02 1.47485494035116E-02 -3.76042907299887E-02 0.59535312767165 -3.76042907299887E-02 0.59535312767165 2.71238225241081E-02 -7.61003632554033E-02
35.4 -4.08756869225798E-02 -4.26463251901838E-02 -0.372805690126645 0.439759589876101 -0.372805690126645 0.439759589876101 -0.042830478957145 -3.05715878100068E-03
35.6 8.88940226208837E-03 -4.24494043842165E-02 -0.539727090100599 0.140448925114185 -0.539727090100599 0.140448925114185 -3.88369700951768E-02 -7.50419956538046E-02
35.8 1.49128595489091E-02 4.0574151062605E-03 -0.499529686662589 -0.213809706541313 -0.499529686662589 -0.213809706541313 -3.40550590464378E-02 2.49938809705522E-02
36 -3.22117579315663E-02 -1.32252145544107E-02 -0.275353056831772 -0.455079004181632 -0.275353056831772 -0.455079004181632 -1.47903036319252E-03 8.80194875780875E-03
36.2 -1.58235603549239E-02 -5.65503129364808E-02 6.22628516641838E-02 -0.517543493786449 6.22628516641838E-02 -0.517543493786449 0.039114596044383 2.22868962678326E-02
36.4 4.46315346587749E-02 -0.065328626380991 0.35557350285945 -0.375314704440576 0.35557350285945 -0.375314704440576 5.94695959811485E-03 -1.91209772889501E-02
36.6 0.075076044806468 -6.79048310350697E-04 0.495768964727934 -9.10209211662488E-02 0.495768964727934 -9.10209211662488E-02 1.91055729270885E-02 -8.17414237712367E-02
36.8 1.75277910059018E-02 0.050841066473831 0.445224652418192 0.24891540787023 0.445224652418192 0.24891540787023 6.98226506866639E-02 -5.74299784231794E-02
37 -1.17144563148924E-02 3.35087289449753E-02 0.232488640326809 0.448056511007024 0.232488640326809 0.448056511007024 -9.03400046291096E-03 -8.57402723722961E-02
37.2 -2.91211552429558E-03 -1.75132712164671E-03 -0.115575859157172 0.487268786201021 -0.115575859157172 0.487268786201021 2.81032724398212E-02 -1.16287224491291E-02
37.4 2.05619779190413E-02 2.64699653879275E-02 -0.372122688915823 0.351149712475373 -0.372122688915823 0.351149712475373 -0.042550605768322 7.30123564651422E-02
37.6 -2.76188855117609E-02 5.88295257449947E-02 -0.500047003617756 5.34804735944969E-02 -0.500047003617756 5.34804735944969E-02 2.67109275677836E-04 0.052108353256414
37.8 -8.51919394748893E-02 4.33211777250973E-03 -0.412827205040721 -0.238929884486509 -0.412827205040721 -0.238929884486509 -1.90954791557841E-02 0.111914131759304
38 -5.07586903261279E-02 -9.19613459563321E-02 -0.208841982865966 -0.440821725633034 -0.208841982865966 -0.440821725633034 -1.70490441253346E-02 -1.21772409966883E-02
38.2 7.09708858858759E-02 -7.99239020818071E-02 0.107056689625982 -0.442218624227961 0.107056689625982 -0.442218624227961 0.105475082116653 -6.37675873378235E-03
38.4 0.129936372908966 2.20865786322286E-02 0.346972737395937 -0.326942350784559 0.346972737395937 -0.326942350784559 2.78220265594731E-02 -1.97290009320826E-02
38.6 4.04735119133356E-02 0.10848119191263 0.454139456567567 -4.11353489306471E-02 0.454139456567567 -4.11353489306471E-02 8.03252787075292E-02 -1.15388067081881E-02
38.8 -0.063038601690363 0.086274021772113 0.383971474171626 0.206488266589527 0.383971474171626 0.206488266589527 -4.49317355304129E-02 0.116209111777498
39 -7.94547016766508E-02 1.57394400068531E-03 0.174498696743288 0.394626391702321 0.174498696743288 0.394626391702321 -7.16488657255189E-02 0.10625618932378
39.2 -1.39013172021463E-02 -2.00567017757849E-02 -8.86250758203792E-02 0.387578798822855 -8.86250758203792E-02 0.387578798822855 -4.38898272155604E-02 0.179966036632756
39.4 -4.38089384040756E-04 1.34278873288809E-02 -0.311780519373242 0.253765305644217 -0.311780519373242 0.253765305644217 -5.88026868195532E-03 0.128543691350297
39.6 -4.93803515703539E-02 6.42038338632705E-03 -0.370233458192124 2.42960592784044E-03 -0.370233458192124 2.42960592784044E-03 0.130758749688574 0.124502466256698
39.8 -4.86435689078835E-02 -5.98677271900267E-02 -0.303040344039685 -0.236288963386397 -0.303040344039685 -0.236288963386397 0.115514066915198 9.53361426327184E-02
40 4.88241659055633E-02 -0.078855973420248 -5.99376485864846E-02 -0.352971661823899 -5.99376485864846E-02 -0.352971661823899 0.166468471765112 7.57324839188518E-02
