.2000      .0015123     -.0053747     -.0363007      .0134544     -.0208187     -.0321980      .0092893      .0106359
.4000      .0103111     -.0097613     -.0621319     -.0374966      .0716133     -.0053291     -.0233326      .0031757
.6000      .0221024     -.0004005     -.0067978     -.1002159     -.0425949      .0895271      .0162239     -.0214930
.8000      .0240097      .0221586      .0937881     -.0785942     -.0712585     -.0996590      .0008717      .0318718
1.0000     -.0079098      .0356350      .1352615      .0356293      .1382370     -.0063095     -.0307179     -.0219088
1.2000     -.0275011      .0112782      .0486298      .1385956     -.0700226      .1301346      .0465889     -.0117550
1.4000     -.0147066     -.0190506     -.0965309      .1214294     -.0718842     -.1353989     -.0138035      .0425835
1.6000      .0146723     -.0181284     -.1505890     -.0223236      .1496735      .0146484     -.0366421     -.0440807
1.8000      .0184822     -.0037155     -.0609512     -.1412888     -.1015434      .1132393      .0464382     -.0179501
2.0000     -.0065384      .0136414      .0899010     -.1138649     -.0310135     -.1417999     -.0143414      .0536747
2.2000     -.0078878     -.0134497      .1410294      .0251465      .1274490      .0643463     -.0420914     -.0459480
2.4000      .0136566     -.0213385      .0382462      .1315994     -.1261520      .0572510      .0586109     -.0209084
2.6000      .0446892      .0079594     -.0972176      .0946541      .0403290     -.1313019     -.0053234      .0581627
2.8000      .0285797      .0554066     -.1254425     -.0463791      .0761948      .1153221     -.0431404     -.0394077
3.0000     -.0307770      .0650215     -.0122299     -.1346588     -.1394882     -.0161285      .0503769     -.0200329
3.2000     -.0707283      .0157738      .1162148     -.0717239      .1011963     -.1012840      .0060120      .0478497
3.4000     -.0527287     -.0364399      .1182556      .0724068      .0167923      .1454086     -.0313911     -.0170288
3.6000     -.0087166     -.0533066     -.0094604      .1387177     -.1259689     -.0753632      .0159187     -.0147095
3.8000      .0083389     -.0350208     -.1262512      .0553665      .1358566     -.0534210      .0139480      .0121994
4.0000      .0224342     -.0223379     -.1054039     -.0845184     -.0404358      .1379700     -.0030708      .0231743
4.2000      .0168428     -.0147514      .0271759     -.1283264     -.0806847     -.1138649     -.0267220     -.0013685
4.4000      .0335217      .0108871      .1233482     -.0323639      .1349487      .0085678      .0187531     -.0410576
4.6000      .0287943      .0266600      .0786591      .0932159     -.0899887      .0945892      .0551052      .0327454
4.8000      .0066471      .0432415     -.0502319      .1079102     -.0136032     -.1262360     -.0684128      .0109024
5.0000     -.0123901      .0281849     -.1174545     -.0017319      .1029091      .0721893      .0288105     -.0490284
5.2000     -.0166807     -.0121298     -.0479240     -.1079407     -.1222038      .0306435     -.0016785      .0647240
5.4000      .0077820     -.0157290      .0783081     -.0902252      .0561905     -.1139984     -.0188351     -.0398102
5.6000      .0296230     -.0002041      .1169510      .0316658      .0524788      .1179886      .0814514      .0396347
5.8000      .0147972      .0319958      .0236092      .1198692     -.1262665     -.0338974     -.1039429      .0478058
6.0000     -.0019379      .0767174     -.0962029      .0763054      .1046982     -.0776405      .0087433     -.1377792
6.2000     -.0648918      .0679817     -.1105156     -.0506554     -.0045395      .1283264      .1193047      .0611076
6.4000     -.1049957      .0306740     -.0041618     -.1187630     -.0954933     -.0846825     -.0783539      .0771484
6.6000     -.1213303     -.0511627      .1036263     -.0540009      .1223450     -.0199280     -.0435162     -.0621986
6.8000     -.0602036     -.1217651      .0920334      .0679855     -.0619507      .1048622      .0420475     -.0392780
7.0000      .0276909     -.1088829     -.0218620      .1084213     -.0381050     -.1122704      .0602264      .0283947
7.2000      .0637550     -.0608940     -.1059952      .0272179      .1066170      .0443459     -.0446281      .0667801
7.4000      .0570793     -.0192623     -.0687447     -.0861130     -.1048965      .0513954     -.0553837     -.0575237
7.6000      .0304613     -.0115156      .0492477     -.0992699      .0302429     -.1145210      .0615997     -.0391369
7.8000      .0478306      .0056229      .1136131      .0038757      .0688896      .0991974      .0173035      .0588951
8.0000      .0375443      .0519238      .0486603      .1048889     -.1229935     -.0098839     -.0618305      .0045509
8.2000     -.0119343      .0619926     -.0743179      .0904503      .0871964     -.0912857     -.0035534     -.0513515
8.4000     -.0523796      .0283165     -.1156616     -.0229492      .0183601      .1249695      .0238400      .0174484
8.6000     -.0449657     -.0529728     -.0305023     -.1128120     -.1101456     -.0624733     -.0140572     -.0340767
8.8000      .0707397     -.0688362      .0847435     -.0786476      .1151810     -.0457306      .0512791     -.0199966
9.0000      .0885506      .0331154      .1057091      .0393791     -.0350876      .1159401      .0021439      .0851479
9.2000      .0186844      .1197548      .0094795      .1091042     -.0635300     -.0975456     -.0966949     -.0470352
9.4000     -.0578213      .0155220     -.0911255      .0543289      .1132584      .0134315      .0930595     -.0808792
9.6000     -.0258217     -.0627327     -.0864563     -.0600739     -.0829887      .0752487      .0033722      .1218185
9.8000      .0474701     -.0213852      .0167465     -.1021156     -.0029297     -.1108818     -.0837860     -.0414085
10.0000      .0383301      .0754433      .1015511     -.0276947      .0865593      .0709839      .0595779     -.0435829
10.2000     -.0567245      .0921631      .0700073      .0795822     -.1113739      .0222664     -.0363083      .0478973
10.4000     -.1260376     -.0321426     -.0414391      .0993576      .0543060     -.1005287      .0252666     -.0481205
10.6000     -.0382462     -.1179962     -.1074219      .0083580      .0452309      .1052284      .0106354      .0644264
10.8000      .0840836     -.1077881     -.0576668     -.0914078     -.1095505     -.0311546     -.0938873     -.0147438
11.0000      .1039543      .0167656      .0546646     -.0895462      .0907860     -.0644035      .0579700     -.0324020
11.2000     -.0055180      .0259790      .1033936      .0066948     -.0053444      .1093102     -.0044136      .0691261
11.4000     -.0127869     -.0384769      .0376701      .0914764     -.0777779     -.0719261     -.0099411     -.0999947
11.6000      .0570850     -.0591698     -.0638504      .0722122      .1009750     -.0128555      .0624199      .0919724
11.8000      .1240196      .0228043     -.0878029     -.0263023     -.0547524      .0805473     -.1032715      .0148926
12.0000      .0559387      .1210632     -.0133705     -.0890579     -.0231857     -.0947571      .0867424     -.1056633
12.2000     -.0434418      .0853081      .0765877     -.0483818      .0871849      .0458107      .0417938      .1234512
12.4000     -.0516319      .0024815      .0764656      .0474319     -.0925789      .0364838     -.0786057     -.0572281
12.6000     -.0052547     -.0032544     -.0095825      .0888901      .0318031     -.0964012      .0473881     -.0291557
12.8000      .0214520      .0577793     -.0861359      .0294037      .0553970      .0875473     -.0483971      .0030727
13.0000     -.0535622      .0819359     -.0642128     -.0630646     -.1039619     -.0121422      .0601482     -.0318050
13.2000     -.1200218     -.0021591      .0310440     -.0856857      .0754089     -.0712509     -.0174789      .1167526
13.4000     -.0588074     -.0672417      .0879478     -.0130806      .0121346      .1008987     -.1063347     -.0774231
13.6000     -.0054359     -.0427074      .0513840      .0729637     -.0845070     -.0564346      .1214180     -.0572166
13.8000     -.0251808     -.0113611     -.0408707      .0731773      .0946617     -.0297737      .0310860      .0938187
14.0000     -.0520515     -.0551624     -.0818176     -.0064583     -.0376167      .0871201     -.0515156     -.0021820
14.2000      .0196991     -.1367493     -.0255623     -.0742836     -.0400848     -.0792160     -.0275307     -.0252581
14.4000      .1460419     -.1039963      .0559025     -.0537605      .0911903      .0273132      .0670013     -.0579987
14.6000      .1913376      .0740585      .0726242      .0320015     -.0770073      .0497284      .0503006      .1012459
14.8000      .0584488      .1838379      .0047340      .0794640      .0098572     -.0937920     -.1396332      .0229340
15.0000     -.1089401      .1497345     -.0731468      .0341568      .0639572      .0706024      .0372162     -.1438065
15.2000     -.1436157      .0081482     -.0649147     -.0504990     -.0965767      .0064163      .0835609      .0959625
15.4000     -.0616646     -.0702057      .0163803     -.0839653      .0574150     -.0807152     -.1046982      .0393105
15.6000     -.0047703     -.0417900      .0804176     -.0231476      .0261116      .0942230      .0127487     -.0787277
15.8000     -.0183659     -.0502319      .0572929      .0627174     -.0909004     -.0378761      .0365772      .0137329
16.0000     -.0085716     -.0860901     -.0292168      .0781326      .0844994     -.0475273      .0219860      .0185938
16.2000      .1011276     -.0909691     -.0813675      .0093651     -.0160942      .0930214     -.0472031      .0065212
16.4000      .1533966      .0124435     -.0424728     -.0676193     -.0611343     -.0690384      .0161057     -.0867615
16.6000      .0930748      .1224518      .0416794     -.0645905      .0877266     -.0012550      .0961151      .0810471
16.8000     -.0419464      .1495285      .0769157      .0108986     -.0569115      .0647659     -.1532211      .0548477
17.0000     -.1430130      .0644684      .0205612      .0719833     -.0125618     -.0846291      .0147629     -.1692734
17.2000     -.1358414     -.0242233     -.0607090      .0499325      .0719299      .0508118      .1417694      .1284714
17.4000     -.0974503     -.0847664     -.0738182     -.0314789     -.0852776      .0271530     -.1310806      .0442505
17.6000      .0086823     -.1399384     -.0057907     -.0803833      .0342407     -.0844612      .0089760     -.0977440
17.8000      .0956268     -.1312332      .0704155     -.0398598      .0433006      .0797157      .0432644      .0144119
18.0000      .1715317     -.0381775      .0682220      .0428085     -.0895386     -.0148468      .0294828     -.0026035
18.2000      .1381226      .1066360     -.0095901      .0802803      .0690765     -.0582123     -.0206184      .0763321
18.4000      .0122299      .1409988     -.0738258      .0285759      .0040054      .0882339     -.0769272     -.0557404
18.6000     -.1121063      .0711555     -.0575581     -.0528336     -.0689812     -.0527840      .0855255     -.0555801
18.8000     -.0354366     -.0234165      .0197220     -.0724640      .0833893     -.0177650     -.0216255      .0756950
19.0000      .0493355      .0143623      .0731049     -.0117226     -.0394592      .0738487     -.0150933     -.0072565
19.2000      .0089073      .0834389      .0405235      .0590401     -.0303688     -.0766487     -.0433846      .0003338
19.4000     -.1013222      .0650330     -.0370979      .0611725      .0792351      .0272446     -.0065079     -.0836525
19.6000     -.1079178     -.0827103     -.0713692     -.0090370     -.0715027      .0412750      .0998383      .0400200
19.8000      .0311203     -.1295395     -.0247650     -.0685043      .0143585     -.0835381     -.1101341      .0872803
20.0000      .1073990     -.0270309      .0499992     -.0527782      .0545807      .0653152     -.0355148     -.1351624
20.2000      .0687714      .0589828      .0701828      .0214615     -.0857162      .0015640      .0998154     -.0076599
20.4000     -.0984344      .0381699      .0126572      .0729218      .0526543     -.0681000     -.0186539      .0927010
20.6000     -.0336533     -.0873375     -.0586395      .0438213      .0207596      .0835991     -.0808334      .0289268
20.8000      .1276703     -.0822525     -.0639992     -.0329323     -.0765266     -.0350685     -.0038414     -.1082230
21.0000      .1425323      .0896912      .0009537     -.0715179      .0744400     -.0390472      .1351395      .0405655
21.2000     -.0034943      .2017975      .0627747     -.0292130     -.0180893      .0766869     -.0779114      .1575775
21.4000     -.1889496      .0933075      .0518150      .0417080     -.0485401     -.0609016     -.1217194     -.1307220
21.6000     -.1528015     -.0414047     -.0193672      .0650902      .0767212      .0067139      .1662598     -.0399628
21.8000     -.0474014     -.0874710     -.0669861      .0120888     -.0553532      .0550385     -.0223618      .1460037
22.0000      .0220528     -.0092430     -.0373135     -.0563259     -.0072060     -.0771599     -.0748596     -.0606689
22.2000     -.0578728      .0039616      .0344791     -.0612259      .0657082      .0448685      .0488091     -.0523930
22.4000     -.0869446     -.1090813      .0704231      .0040855     -.0785484      .0228539      .0356407     -.0012817
22.6000      .0304718     -.1799545      .0287209      .0663261      .0296288     -.0742569      .0161610      .0503731
22.8000      .1678543     -.0935211     -.0450878      .0567760      .0411873      .0717430     -.0815392     -.0047264
23.0000      .1333618      .0562210     -.0707016     -.0138359     -.0786858     -.0120506      .0268707     -.1038589
23.2000      .0366383      .0502014     -.0194473     -.0683060      .0586357     -.0532360      .0506325      .0804176
23.4000      .0507603      .0383110      .0509586     -.0470943      .0054321      .0773544     -.0617733      .0135536
23.6000      .0988464      .0322952      .0634995      .0243721     -.0599556     -.0433140      .0323257     -.0069618
23.8000      .0551300      .1477203      .0055237      .0644150      .0698776     -.0176392     -.0296612     -.0091572
24.0000     -.0891495      .1600494     -.0553684      .0326366     -.0315666      .0636215      .0601158     -.0697861
24.2000     -.1709061      .0029221     -.0524502     -.0366306     -.0264626     -.0649529      .0199738      .0882568
24.4000     -.0914154     -.1145172      .0103416     -.0628471      .0686874      .0198822     -.1004028     -.0535126
24.6000      .0377502     -.0898018      .0628700     -.0177650     -.0614967      .0394802      .0770035     -.0457459
24.8000      .0388279      .0298576      .0439835      .0485153      .0087967     -.0719337     -.0181046      .0498943
25.0000     -.0468025      .0501003     -.0235939      .0617390      .0498581      .0510216      .0169277     -.0484962
25.2000     -.0480461     -.0744324     -.0630341      .0071487     -.0714417      .0079041      .0102119      .0880241
25.4000      .0473480     -.1028900     -.0346050     -.0549927      .0398827     -.0588417     -.0874825     -.0512009
25.6000      .0945511     -.0057907      .0327282     -.0533047      .0209160      .0679512      .0933609     -.0513229
25.8000     -.0104847      .0558910      .0647049      .0038605     -.0675964     -.0257950     -.0117874      .0750961
26.0000     -.0689278     -.0254364      .0252171      .0576344      .0591259     -.0353928     -.0020485     -.0314865
26.2000      .0279388     -.1334381     -.0398884      .0471935     -.0122719      .0689049      .0046558      .0447731
26.4000      .1502991     -.0835800     -.0573864     -.0160046     -.0406113     -.0474091     -.0384064     -.0637627
26.6000      .1415634      .0720596     -.0138226     -.0570164      .0679131     -.0013962      .0923615      .0215416
26.8000      .0225677      .1645508      .0490990     -.0353699     -.0432854      .0520897     -.0791931      .1002693
27.0000     -.1034966      .0648193      .0533867      .0266037     -.0125656     -.0658417     -.0155487     -.0931396
27.2000     -.0336494      .0176849     -.0004368      .0609226      .0609322      .0317497      .0590992      .0359077
27.4000      .0201902      .0286551     -.0589485      .0263157     -.0603123      .0265045     -.0647850     -.0018806
27.6000     -.0342255      .0526829     -.0505238     -.0381985      .0180244     -.0678406      .0302010     -.0420914
27.8000     -.0802040      .0045357      .0108261     -.0652885      .0382729      .0531292     -.0132504      .0562706
28.0000     -.0094109     -.0650024      .0619679     -.0226440     -.0655365     -.0027695     -.0406971     -.0155926
28.2000      .0647202     -.0101471      .0477924      .0409355      .0385437     -.0507698     -.0081358     -.0226698
28.4000      .0151749      .1004181     -.0134525      .0587864      .0114479      .0576839      .0672493     -.0395775
28.6000     -.1412048      .1299591     -.0528774      .0132656     -.0529709     -.0305595      .0202484      .1330414
28.8000     -.2065506     -.0747528     -.0301704     -.0443764      .0534706     -.0170975     -.1980286     -.0287247
29.0000     -.0503235     -.2194901      .0243244     -.0453510     -.0199051      .0552406      .0738449     -.1718369
29.2000      .1061707     -.1475677      .0518360      .0051270     -.0268936     -.0486717      .1240311      .1419373
29.4000      .0926552     -.0314941      .0189857      .0498753      .0585041      .0110512     -.1282959      .0664597
29.6000      .0370884     -.0370255     -.0363293      .0415001     -.0456657      .0390015     -.0312119     -.0781441
29.8000      .0949249     -.1072159     -.0510101     -.0133286     -.0000896     -.0537148      .0252876     -.0757217
30.0000      .2437668     -.0073700     -.0117779     -.0509243      .0481777      .0367393      .1527939      .0143127
30.2000      .2585449      .2206421      .0423908     -.0323448     -.0572662      .0137978     -.1088333      .2129898
30.4000     -.0227356      .3433685      .0459347      .0188808      .0239639     -.0529327     -.1814575     -.1790085
30.6000     -.2573853      .1783600      .0006657      .0498943      .0271912      .0473709      .2273788     -.0637131
30.8000     -.2296906     -.0743713     -.0433388      .0230637     -.0540447     -.0071335     -.0336990      .2012024
31.0000     -.0439758     -.1408463     -.0398102     -.0251007      .0414066     -.0337372     -.0880089     -.0884476
31.2000      .0430679     -.0249062      .0087433     -.0426941      .0001736      .0512772      .0331554      .0197945
31.4000     -.0385361      .0393200      .0378723     -.0143127     -.0369434     -.0271721     -.0458317     -.0544033
31.6000     -.0852585     -.0717964      .0243435      .0329113      .0473957     -.0070553      .1432648      .0038223
31.8000      .0046692     -.1548309     -.0146236      .0352383     -.0207672      .0451088     -.0970078      .1431427
32.0000      .1234627     -.0792694     -.0435314      .0026112     -.0152664     -.0461693     -.0477295     -.1696320
32.2000      .1124191      .0697021     -.0198612     -.0345173      .0433197      .0107746      .1376266      .0419083
32.4000      .0068626      .1026535      .0211487     -.0335102     -.0405846      .0282021     -.0907288      .0553017
32.6000     -.0674400      .0210915      .0405884      .0054646      .0019970     -.0465698      .0393257     -.0735703
32.8000     -.0269241     -.0327187      .0135708      .0358105      .0291739      .0311337     -.0091095      .0703430
33.0000      .0350189     -.0299015     -.0279465      .0297394     -.0424614      .0053043     -.0424252     -.0576534
33.2000      .0074768     -.0048182     -.0357647     -.0091114      .0234165     -.0367870      .0592785      .0128365
33.4000     -.0102015     -.0063310     -.0068302     -.0385799      .0134430      .0401745     -.0259628     -.0100222
33.6000      .0388718     -.0473576      .0294991     -.0217819     -.0386028     -.0157928      .0559578     -.0012913
33.8000      .0637665      .0108604      .0320988      .0165653      .0329151     -.0194092     -.0607224      .0713959
34.0000      .0296898      .0827560     -.0021954      .0373611     -.0080891      .0379066     -.0289955     -.1176949
34.2000     -.0261402      .0438156     -.0311880      .0151558     -.0232344     -.0293818      .1262512      .0125504
34.4000     -.0291138     -.0198574     -.0270662     -.0231123      .0381927      .0004463     -.0435181      .0766830
34.6000      .0299006     -.0075006      .0082150     -.0331249     -.0250092      .0274229     -.0513020     -.0443420
34.8000      .0273094      .0506706      .0337391     -.0086632     -.0066662     -.0377121      .0159626     -.0356846
35.0000     -.0484772      .0719376      .0214853      .0255976      .0324402      .0168667      .0628929     -.0217590
35.2000     -.1009560     -.0027733     -.0113277      .0304947     -.0328598      .0163937      .0089760      .0881348
35.4000     -.0319901     -.0615444     -.0310936      .0039825      .0081615     -.0334949     -.1094437     -.0291672
35.6000      .0262642     -.0423470     -.0152206     -.0233469      .0196810      .0244493      .0461273     -.0790291
35.8000      .0173597      .0192118      .0152788     -.0242968     -.0299253     -.0018778      .0377903      .0483856
36.0000     -.0437012     -.0059891      .0256186      .0027142      .0197630     -.0211840     -.0135660      .0186453
36.2000     -.0252724     -.0643616      .0076437      .0240307      .0009918      .0275373     -.0226774      .0002127
36.4000      .0481339     -.0751572     -.0178452      .0169058     -.0223217     -.0170345     -.0024014     -.0557308
36.6000      .0843849     -.0009575     -.0203838     -.0091267      .0252953     -.0075150      .0742683      .0168571
36.8000      .0197906      .0593414     -.0000963     -.0247383     -.0150433      .0223589     -.0542545      .0533333
37.0000     -.0176029      .0374680      .0199432     -.0096941     -.0110197     -.0243158     -.0121765     -.0643578
37.2000     -.0073016     -.0071118      .0178032      .0159473      .0235996      .0093908      .0337982      .0253868
37.4000      .0238266      .0219059     -.0048962      .0218382     -.0230532      .0148878     -.0263090     -.0060139
37.6000     -.0229931      .0606365     -.0218067      .0046082      .0030880     -.0259380      .0438175     -.0017071
37.8000     -.0859947      .0073624     -.0133438     -.0163727      .0168734      .0172491     -.0410309      .0359993
38.0000     -.0559998     -.0921249      .0081835     -.0174265     -.0228090      .0032043      .0182056     -.0418072
38.2000      .0696602     -.0848770      .0203037      .0007172      .0144567     -.0165424      .0059357      .0622368
38.4000      .1342621      .0176849      .0086155      .0164928      .0070162      .0222301     -.0688744     -.0430641
38.6000      .0453491      .1117210     -.0121536      .0147758     -.0179758     -.0100031      .0993080     -.0198593
38.8000     -.0636711      .0889969     -.0163431     -.0019922      .0181942     -.0081921     -.0473862      .0991173
39.0000     -.0843048      .0014458     -.0032320     -.0158520     -.0049839      .0174112     -.0563965     -.0859032
39.2000     -.0158796     -.0238600      .0114026     -.0089741     -.0085330     -.0151296      .0876999     -.0075378
39.4000      .0030813      .0093646      .0122004      .0071974      .0173616      .0033951     -.0127010      .0536652
39.6000     -.0443573      .0074711     -.0024881      .0135331     -.0123701      .0076509     -.0153079     -.0053630
39.8000     -.0486031     -.0548573     -.0127664      .0038452      .0022912     -.0145922     -.0246773     -.0123081
40.0000      .0446701     -.0773239     -.0052562     -.0109811      .0082703      .0134492      .0518951     -.0397854
