.2000      .0014908     -.0053344     -.0363140      .0134182     -.0208168     -.0321827      .0092726      .0106483
.4000      .0103765     -.0098705     -.0621204     -.0375423      .0716209     -.0053406     -.0233164      .0031462
.6000      .0221291     -.0005598     -.0067635     -.1002731     -.0426750      .0895462      .0162830     -.0214481
.8000      .0240269      .0218582      .0938797     -.0785904     -.0712204     -.0997696      .0007858      .0318127
1.0000     -.0077419      .0355473      .1353531      .0356598      .1383133     -.0061874     -.0306835     -.0218163
1.2000     -.0274696      .0111265      .0485611      .1387329     -.0701828      .1301575      .0465851     -.0117683
1.4000     -.0147963     -.0191841     -.0967102      .1214218     -.0718613     -.1355896     -.0138474      .0425568
1.6000      .0146675     -.0182867     -.1506653     -.0224686      .1497879      .0148163     -.0366764     -.0441952
1.8000      .0184355     -.0040712     -.0608902     -.1414642     -.1017075      .1132202      .0464611     -.0179634
2.0000     -.0063620      .0135608      .0900803     -.1138725     -.0308762     -.1419601     -.0143204      .0536366
2.2000     -.0079637     -.0135388      .1411514      .0253448      .1274872      .0645599     -.0421753     -.0459156
2.4000      .0137568     -.0216360      .0381470      .1317749     -.1263428      .0571518      .0586262     -.0209579
2.6000      .0447769      .0078316     -.0974541      .0946426      .0405350     -.1313477     -.0052719      .0581856
2.8000      .0288219      .0554333     -.1255341     -.0465775      .0761490      .1155891     -.0430737     -.0395069
3.0000     -.0307274      .0649834     -.0120316     -.1348419     -.1396179     -.0163651      .0504417     -.0199280
3.2000     -.0706139      .0156326      .1164398     -.0716400      .1014709     -.1012306      .0058880      .0477085
3.4000     -.0525684     -.0367107      .1182594      .0726585      .0165863      .1456146     -.0312958     -.0169487
3.6000     -.0083847     -.0533562     -.0097275      .1388931     -.1260147     -.0756912      .0157251     -.0147238
3.8000      .0084648     -.0348969     -.1264801      .0552292      .1361313     -.0532455      .0140691      .0119076
4.0000      .0223284     -.0223732     -.1053810     -.0848427     -.0407486      .1381226     -.0029917      .0234127
4.2000      .0169554     -.0149870      .0274658     -.1284561     -.0805931     -.1141319     -.0269299     -.0015335
4.4000      .0338020      .0108776      .1235695     -.0321503      .1350784      .0088348      .0190868     -.0409546
4.6000      .0289183      .0266733      .0785942      .0935135     -.0902824      .0945511      .0547009      .0329037
4.8000      .0066624      .0431881     -.0505333      .1079636     -.0133667     -.1264114     -.0683479      .0106354
5.0000     -.0122185      .0282040     -.1175995     -.0019646      .1028671      .0725365      .0288715     -.0488224
5.2000     -.0165510     -.0120697     -.0477791     -.1082420     -.1224480      .0303917     -.0017853      .0644836
5.4000      .0076671     -.0155621      .0786171     -.0902214      .0565300     -.1140480     -.0185642     -.0396881
5.6000      .0294867     -.0002871      .1170769      .0320129      .0522766      .1182785      .0813026      .0396233
5.8000      .0147648      .0318680      .0234184      .1201439     -.1264038     -.0342560     -.1036682      .0476303
6.0000     -.0015984      .0769005     -.0965309      .0761757      .1050301     -.0775108      .0088501     -.1376724
6.2000     -.0648651      .0684395     -.1105537     -.0509987     -.0048218      .1285477      .1189842      .0607300
6.4000     -.1053047      .0309715     -.0038795     -.1189537     -.0954247     -.0850754     -.0780411      .0772705
6.6000     -.1214294     -.0511169      .1039314     -.0538292      .1225777     -.0196610     -.0439415     -.0621090
6.8000     -.0601425     -.1218605      .0920258      .0683556     -.0623207      .1049042      .0421181     -.0394650
7.0000      .0277748     -.1087990     -.0221939      .1085434     -.0378532     -.1125526      .0605068      .0285549
7.2000      .0638466     -.0605736     -.1062698      .0270386      .1067238      .0447121     -.0448837      .0667305
7.4000      .0570698     -.0189991     -.0686493     -.0864334     -.1052399      .0512199     -.0551128     -.0576839
7.6000      .0302114     -.0115328      .0496101     -.0993271      .0306206     -.1146355      .0615253     -.0389080
7.8000      .0478230      .0053978      .1137924      .0042114      .0687332      .0995140      .0172863      .0587730
8.0000      .0376892      .0518856      .0484467      .1052170     -.1231842     -.0102959     -.0617123      .0045395
8.2000     -.0118217      .0620594     -.0747337      .0904388      .0876236     -.0911903     -.0037041     -.0512562
8.4000     -.0523243      .0287762     -.1158600     -.0233612      .0180359      .1252213      .0238647      .0172625
8.6000     -.0454197     -.0528603     -.0302277     -.1131096     -.1101761     -.0629807     -.0139542     -.0339699
8.8000      .0705414     -.0692139      .0851402     -.0785446      .1155930     -.0454063      .0510654     -.0203476
9.0000      .0888634      .0328865      .1058044      .0397873     -.0355377      .1160660      .0023079      .0854034
9.2000      .0188637      .1198196      .0091095      .1094055     -.0633888     -.0979691     -.0968361     -.0469551
9.4000     -.0579662      .0158863     -.0914688      .0541306      .1134911      .0138435      .0931778     -.0810509
9.6000     -.0262375     -.0627975     -.0864677     -.0605278     -.0834084      .0751266      .0034943      .1219635
9.8000      .0474586     -.0218697      .0171089     -.1022339     -.0025673     -.1111488     -.0840912     -.0414429
10.0000      .0386772      .0754700      .1018829     -.0274467      .0865021      .0714493      .0597782     -.0436058
10.2000     -.0568161      .0923347      .0698929      .0800133     -.1116791      .0219116     -.0364418      .0483055
10.4000     -.1263046     -.0321884     -.0418510      .0994415      .0548210     -.1005669      .0248165     -.0485992
10.6000     -.0383263     -.1180992     -.1076965      .0080032      .0449371      .1056252      .0109787      .0644493
10.8000      .0843124     -.1078796     -.0574570     -.0917969     -.1097031     -.0316620     -.0941734     -.0147324
11.0000      .1038055      .0167198      .0551491     -.0895691      .0912361     -.0642014      .0583439     -.0325089
11.2000     -.0054379      .0262480      .1036110      .0070610     -.0057487      .1095619     -.0044975      .0691032
11.4000     -.0129890     -.0387421      .0374184      .0918312     -.0777245     -.0723839     -.0103264     -.0999146
11.6000      .0570164     -.0593071     -.0642853      .0721169      .1012535     -.0125198      .0624084      .0921326
11.8000      .1241760      .0227318     -.0879059     -.0266953     -.0552063      .0805054     -.1035652      .0149040
12.0000      .0559807      .1211891     -.0130692     -.0893288     -.0228500     -.0950508      .0870018     -.1057320
12.2000     -.0434380      .0853615      .0769882     -.0482101      .0872192      .0462532      .0417175      .1234894
12.4000     -.0515156      .0025997      .0764656      .0478401     -.0929832      .0361938     -.0784683     -.0573883
12.6000     -.0053151     -.0032461     -.0099640      .0890617      .0323029     -.0965157      .0474472     -.0289879
12.8000      .0215454      .0576725     -.0864449      .0291405      .0551758      .0879631     -.0486298      .0032902
13.0000     -.0535622      .0818863     -.0641098     -.0634880     -.1041641     -.0126076      .0601196     -.0319004
13.2000     -.1197815     -.0021095      .0314598     -.0857506      .0759125     -.0710831     -.0172729      .1169090
13.4000     -.0587921     -.0669975      .0882263     -.0127678      .0117569      .1011887     -.1064682     -.0772095
13.6000     -.0055714     -.0426025      .0512009      .0733490     -.0844803     -.0569382      .1213150     -.0574951
13.8000     -.0253162     -.0113297     -.0412979      .0731812      .0950241     -.0294762      .0313873      .0939064
14.0000     -.0521355     -.0552387     -.0819969     -.0068245     -.0380974      .0872078     -.0515995     -.0020351
14.2000      .0199814     -.1370010     -.0253220     -.0745964     -.0397949     -.0795784     -.0275555     -.0254126
14.4000      .1462479     -.1038284      .0563297     -.0536594      .0913048      .0277977      .0668564     -.0578842
14.6000      .1913147      .0743713      .0726967      .0324287     -.0774765      .0494995      .0501900      .1012650
14.8000      .0582886      .1837997      .0043602      .0796967      .0103226     -.0939827     -.1396713      .0228119
15.0000     -.1091080      .1495209     -.0734901      .0339088      .0638046      .0711174      .0371780     -.1438217
15.2000     -.1432800      .0079803     -.0648804     -.0509491     -.0968781      .0059738      .0837593      .0958748
15.4000     -.0614090     -.0698166      .0168152     -.0841179      .0579910     -.0806580     -.1047935      .0392952
15.6000     -.0048485     -.0412407      .0807610     -.0228577      .0257187      .0946045      .0128517     -.0788956
15.8000     -.0186462     -.0500488      .0571823      .0631943     -.0909538     -.0384102      .0366478      .0140514
16.0000     -.0089722     -.0862541     -.0296516      .0782280      .0849800     -.0472221      .0216026      .0185308
16.2000      .1012383     -.0913239     -.0816078      .0090599     -.0165825      .0932159     -.0470009      .0063725
16.4000      .1538773      .0124588     -.0422363     -.0680122     -.0609589     -.0695915      .0159416     -.0865250
16.6000      .0933723      .1226768      .0420952     -.0645714      .0880394     -.0008430      .0960350      .0807533
16.8000     -.0420303      .1498718      .0771141      .0112572     -.0574074      .0646591     -.1529999      .0549393
17.0000     -.1432877      .0645676      .0203094      .0723038     -.0122108     -.0849037      .0146790     -.1693192
17.2000     -.1359024     -.0243378     -.0611229      .0497799      .0719070      .0513268      .1419296      .1284485
17.4000     -.0971870     -.0846405     -.0738945     -.0319290     -.0857048      .0268211     -.1310120      .0440826
17.6000      .0086441     -.1396027     -.0054626     -.0806541      .0347824     -.0845718      .0091057     -.0975266
17.8000      .0952683     -.1311340      .0708237     -.0396461      .0429993      .0802002      .0426502      .0143795
18.0000      .1714172     -.0384064      .0682220      .0432663     -.0897331     -.0153351      .0295544     -.0029716
18.2000      .1382675      .1065750     -.0100060      .0804863      .0696144     -.0579910     -.0206718      .0767708
18.4000      .0125198      .1412048     -.0741653      .0282784      .0035286      .0885849     -.0768585     -.0557709
18.6000     -.1123543      .0712357     -.0574532     -.0532951     -.0689354     -.0533447      .0855408     -.0560074
18.8000     -.0352783     -.0236092      .0201759     -.0726662      .0837288     -.0173264     -.0216293      .0757217
19.0000      .0494881      .0143051      .0734253     -.0114021     -.0399818      .0738602     -.0151453     -.0071306
19.2000      .0090942      .0837784      .0403786      .0594063     -.0300674     -.0770531     -.0437489      .0003033
19.4000     -.1015625      .0651550     -.0375309      .0612011      .0793343      .0277863     -.0064201     -.0839081
19.6000     -.1081047     -.0828667     -.0715828     -.0094185     -.0719910      .0409966      .0997581      .0402946
19.8000      .0310440     -.1296234     -.0244904     -.0688438      .0148735     -.0837173     -.1102028      .0867424
20.0000      .1076317     -.0273094      .0504589     -.0527039      .0543823      .0658607     -.0350342     -.1346741
20.2000      .0687790      .0592995      .0703011      .0219154     -.0860024      .0010719      .0996780     -.0076981
20.4000     -.0988197      .0381203      .0122681      .0732346      .0532265     -.0680275     -.0185394      .0922661
20.6000     -.0338783     -.0876083     -.0591011      .0436687      .0203590      .0840302     -.0807686      .0292168
20.8000      .1277390     -.0823059     -.0640450     -.0334129     -.0765800     -.0356674     -.0041161     -.1082993
21.0000      .1425323      .0895233      .0013237     -.0717621      .0749207     -.0387573      .1349716      .0406342
21.2000     -.0033646      .2017593      .0631523     -.0289688     -.0186081      .0768738     -.0776062      .1574326
21.4000     -.1887054      .0931854      .0517864      .0421276     -.0483646     -.0614452     -.1218185     -.1303711
21.6000     -.1526947     -.0409241     -.0198174      .0652123      .0769577      .0071983      .1657791     -.0401840
21.8000     -.0476074     -.0874977     -.0673027      .0117722     -.0558987      .0549107     -.0220871      .1460190
22.0000      .0219345     -.0094080     -.0371284     -.0567455     -.0067444     -.0775070     -.0748405     -.0604782
22.2000     -.0579491      .0037193      .0349503     -.0612602      .0656776      .0454483      .0488319     -.0523453
22.4000     -.0870438     -.1095009      .0706749      .0045166     -.0789795      .0224457      .0356617     -.0014305
22.6000      .0306244     -.1801987      .0284348      .0667648      .0301857     -.0743828      .0168209      .0506897
22.8000      .1682129     -.0934296     -.0456066      .0567322      .0409164      .0722923     -.0819244     -.0043259
23.0000      .1330719      .0563431     -.0708733     -.0143089     -.0789299     -.0125923      .0269928     -.1049500
23.2000      .0361309      .0496731     -.0191078     -.0686989      .0591946     -.0530624      .0511436      .0809631
23.4000      .0508251      .0377312      .0514336     -.0469723      .0049896      .0776901     -.0626526      .0135117
23.6000      .0997124      .0316238      .0635910      .0248604     -.0598869     -.0439014      .0329418     -.0075893
23.8000      .0559006      .1482544      .0051575      .0646858      .0702629     -.0172386     -.0298319     -.0084219
24.0000     -.0893250      .1606369     -.0557804      .0324268     -.0321198      .0636444      .0599213     -.0704117
24.2000     -.1715240      .0028610     -.0524559     -.0370922     -.0261192     -.0654030      .0203667      .0886307
24.4000     -.0916405     -.1151962      .0107841     -.0630302      .0688629      .0204201     -.1006432     -.0535316
24.6000      .0385246     -.0903549      .0632591     -.0174561     -.0620022      .0392132      .0775261     -.0458603
24.8000      .0394745      .0301380      .0438786      .0489845      .0093002     -.0721741     -.0185680      .0503540
25.0000     -.0471172      .0508461     -.0240612      .0618382      .0497093      .0515690      .0171433     -.0490437
25.2000     -.0486526     -.0746841     -.0633087      .0067787     -.0717850      .0074310      .0103722      .0886917
25.4000      .0474586     -.1034737     -.0343914     -.0554371      .0404224     -.0588245     -.0883522     -.0514297
25.6000      .0950813     -.0059624      .0332012     -.0533047      .0205345      .0683708      .0942688     -.0518570
25.8000     -.0105991      .0563202      .0649643      .0042915     -.0677109     -.0263557     -.0119629      .0758743
26.0000     -.0689354     -.0254059      .0249596      .0580463      .0596428     -.0351486     -.0025635     -.0320930
26.2000      .0281219     -.1334763     -.0403767      .0471096     -.0128212      .0691261      .0054436      .0448856
26.4000      .1504364     -.0833893     -.0575428     -.0164604     -.0404701     -.0478859     -.0386162     -.0631981
26.6000      .1416855      .0722809     -.0135078     -.0573597      .0682373     -.0009346      .0919266      .0210838
26.8000      .0223160      .1644363      .0495682     -.0352097     -.0438519      .0520153     -.0784111      .1004601
27.0000     -.1030540      .0643463      .0534668      .0270634     -.0121346     -.0662270     -.0162697     -.0925331
27.2000     -.0325336      .0181847     -.0008698      .0611744      .0609703      .0323257      .0593758      .0353642
27.4000      .0203724      .0294285     -.0593700      .0260601     -.0607510      .0262089     -.0645790     -.0014877
27.6000     -.0347729      .0529747     -.0504646     -.0387211      .0185890     -.0679817      .0297909     -.0424385
27.8000     -.0806389      .0040474      .0113258     -.0655174      .0380650      .0536766     -.0125427      .0565147
28.0000     -.0093498     -.0656090      .0624180     -.0223560     -.0658112     -.0032616     -.0412178     -.0158443
28.2000      .0654221     -.0103607      .0477562      .0414429      .0391026     -.0507240     -.0075331     -.0229273
28.4000      .0159035      .1010284     -.0139179      .0589542      .0110683      .0580273      .0669746     -.0387039
28.6000     -.1415939      .1307831     -.0532265      .0129814     -.0529537     -.0310822      .0199280      .1319885
28.8000     -.2072601     -.0749283     -.0300083     -.0448093      .0538673     -.0168095     -.1969910     -.0279999
29.0000     -.0503387     -.2203140      .0247307     -.0453663     -.0203934      .0553494      .0728149     -.1714859
29.2000      .1063690     -.1477127      .0520420      .0055046     -.0266438     -.0491295      .1245499      .1407700
29.4000      .0924873     -.0309677      .0187511      .0502644      .0586891      .0115108     -.1278458      .0675659
29.6000      .0361633     -.0366879     -.0367966      .0414448     -.0461788      .0389023     -.0320320     -.0782280
29.8000      .0942764     -.1081009     -.0511341     -.0137520      .0003395     -.0539322      .0257492     -.0758553
30.0000      .2441940     -.0082397     -.0114613     -.0512447      .0481281      .0372925      .1525650      .0143280
30.2000      .2596130      .2209625      .0428391     -.0321732     -.0576324      .0134296     -.1085052      .2130508
30.4000     -.0225830      .3440094      .0460243      .0192757      .0244942     -.0529709     -.1820908     -.1785889
30.6000     -.2581635      .1786346      .0003109      .0501289      .0269680      .0477734      .2275467     -.0644760
30.8000     -.2299576     -.0745773     -.0436974      .0228348     -.0542431     -.0075626     -.0332947      .2017670
31.0000     -.0434570     -.1411438     -.0398254     -.0254707      .0418777     -.0336094     -.0885849     -.0884666
31.2000      .0434189     -.0239334      .0091076     -.0428276     -.0002728      .0515099      .0334682      .0192299
31.4000     -.0391731      .0400944      .0381699     -.0141468     -.0368500     -.0276051     -.0453243     -.0541534
31.6000     -.0860596     -.0725136      .0242367      .0332336      .0477104     -.0067215      .1424255      .0034485
31.8000      .0044403     -.1559525     -.0149689      .0353413     -.0212822      .0451317     -.0962143      .1425781
32.0000      .1242409     -.0797806     -.0437336      .0023212     -.0149879     -.0465260     -.0478745     -.1687393
32.2000      .1129799      .0705338     -.0197315     -.0348454      .0434551      .0111523      .1370468      .0413742
32.4000      .0063248      .1035995      .0215473     -.0335712     -.0410557      .0280342     -.0897827      .0552368
32.6000     -.0681648      .0207901      .0407238      .0057373      .0023956     -.0467625      .0387688     -.0731506
32.8000     -.0268993     -.0338898      .0134029      .0361328      .0291004      .0315361     -.0092735      .0697975
33.0000      .0358639     -.0302849     -.0283070      .0296640     -.0427361      .0049725     -.0421104     -.0574856
33.2000      .0081978     -.0040736     -.0358753     -.0094547      .0238476     -.0368042      .0592518      .0126648
33.4000     -.0109320     -.0058460     -.0065899     -.0388088      .0131741      .0404682     -.0259590     -.0097837
33.6000      .0380459     -.0475178      .0298195     -.0216980     -.0386658     -.0161915      .0555382     -.0015621
33.8000      .0633888      .0102119      .0321388      .0169315      .0332775     -.0192337     -.0601883      .0709991
34.0000      .0302086      .0824471     -.0024948      .0375729     -.0083942      .0380440     -.0293655     -.1169243
34.2000     -.0253792      .0440025     -.0314808      .0149765     -.0231085     -.0297508      .1258545      .0118942
34.4000     -.0289698     -.0195103     -.0270128     -.0234537      .0384064      .0007572     -.0423012      .0767288
34.6000      .0293522     -.0071640      .0084858     -.0332413     -.0253677      .0273733     -.0518627     -.0435600
34.8000      .0268631      .0503101      .0339508     -.0084400     -.0063934     -.0379543      .0156708     -.0366020
35.0000     -.0485153      .0716324      .0213881      .0259037      .0324669      .0172272      .0638237     -.0216293
35.2000     -.1004410     -.0029144     -.0116186      .0305662     -.0331783      .0162315      .0084648      .0886307
35.4000     -.0317364     -.0610523     -.0312881      .0037956      .0084763     -.0335979     -.1094170     -.0299988
35.6000      .0262566     -.0419178     -.0151205     -.0236168      .0195980      .0247688      .0464020     -.0787544
35.8000      .0171013      .0192919      .0155392     -.0243044     -.0300713     -.0021362      .0375347      .0483055
36.0000     -.0439548     -.0064907      .0257397      .0029192      .0200605     -.0211372     -.0134802      .0184650
36.2000     -.0254364     -.0645905      .0074997      .0242023      .0007420      .0276909     -.0225506      .0002594
36.4000      .0484428     -.0753021     -.0180674      .0168705     -.0222778     -.0173302     -.0022373     -.0557308
36.6000      .0848160     -.0007515     -.0204315     -.0093489      .0254965     -.0073385      .0739708      .0170021
36.8000      .0197411      .0593777      .0001240     -.0248556     -.0153637      .0223179     -.0540428      .0527420
37.0000     -.0183163      .0373764      .0201216     -.0095482     -.0108624     -.0245695     -.0120697     -.0641022
37.2000     -.0073154     -.0076280      .0177708      .0162020      .0236120      .0096521      .0330925      .0252457
37.4000      .0246639      .0214100     -.0050936      .0218954     -.0233250      .0147581     -.0259762     -.0066309
37.6000     -.0226536      .0610981     -.0219469      .0044518      .0033703     -.0260496      .0442314     -.0011406
37.8000     -.0865097      .0080948     -.0132856     -.0165424      .0167789      .0174656     -.0417271      .0360813
38.0000     -.0568619     -.0920868      .0083838     -.0174341     -.0229607      .0030050      .0184822     -.0425186
38.2000      .0695000     -.0854759      .0204115      .0009298      .0146999     -.0164814      .0063667      .0629921
38.4000      .1347504      .0169907      .0084925      .0166473      .0068274      .0224295     -.0693932     -.0431442
38.6000      .0458641      .1119995     -.0123830      .0147438     -.0179777     -.0102282      .0997925     -.0202599
38.8000     -.0636940      .0897293     -.0164242     -.0021639      .0183468     -.0080585     -.0472641      .0994835
39.0000     -.0846710      .0016670     -.0030718     -.0159550     -.0051880      .0174408     -.0565529     -.0859566
39.2000     -.0161066     -.0242405      .0115814     -.0088782     -.0084224     -.0152888      .0875893     -.0077400
39.4000      .0031862      .0093083      .0121975      .0073900      .0174065      .0035963     -.0122604      .0535831
39.6000     -.0440903      .0077686     -.0026755      .0135341     -.0125446      .0075293     -.0153532     -.0046887
39.8000     -.0486622     -.0546150     -.0128675      .0037270      .0025158     -.0146523     -.0252523     -.0127354
40.0000      .0443420     -.0774269     -.0051684     -.0110874      .0081844      .0136399      .0529900     -.0398312
