.2 -.008483831611257792 -.004486020604097844 -.04354505819895863 .011664003639292717 -.029324487263190747 -.04120101898838282 .011215693482404948 .009512831163126229
.4 .0042429603978395465 -.01879440049993992 -.061112109314286706 -.03552124766554236 .07991643933814169 -.013007227112776042 -.015862429817312958 -.006555212059366704
.6 .023829221983885762 -6.637544657587993e-05 -.007495180430471898 -.10075808434945942 -.03756868429407477 .0943441985550046 .011010979488670825 -.020530187352871897
.8 .02103306206973791 .013751668499183656 .0898939713226378 -.06956418641366958 -.07918583998643756 -.10968129419139623 -.0045324209655642515 .03806772195209265
1 -.0012851454943656913 .043377642259258026 .13220397926685812 .04235828291203379 .1418719715117097 .0029408388940453537 -.02757518835058808 -.01610607619856596
1.2 -.03398702009446025 .004057484552949666 .050721196745938064 .14476597668119667 -.06369852439074516 .13517467595383525 .05179353481644988 -.01656674832792878
1.4 -.010586391846138238 -.010551848957127333 -.08702162834573984 .12882311717175246 -.07643130764086843 -.13202416254154445 -.013617800673151015 .037537595700103045
1.6 .010747221059650182 -.027344891701769826 -.15764744331641795 -.013685477494007349 .15719643819996118 .018076173036295176 -.03827889574109912 -.039115960039240116
1.8 .010263725366771222 -.007342736454558373 -.05665741269637346 -.13259779451293946 -.09229188820764422 .10464287296090721 .05614853102625012 -.027194494531714918
2 -.013415731754422188 .011532865899521112 .09559033517583013 -.12131953682139517 -.03646270711551308 -.13473376425842049 -.023877240043514967 .06297689618278146
2.2 .0018064694816350927 -.004615559546995164 .14357568349331024 .024802304823803904 .12157972790734171 .07233979204972983 -.05032325570448041 -.055889437789148094
2.4 .006138394646722078 -.020951281938761473 .04190999425959587 .12230837267210484 -.13248464599369764 .0501961716980517 .05497015278990269 -.017502469656252864
2.6 .03495535328897238 .011702081979101896 -.09611114933181406 .09373858527476191 .049670494064539675 -.12986987838168146 .0013745681923389439 .056357460799193376
2.8 .02945518318297863 .05061640811370611 -.12456930975261928 -.053855323202312 .08092457029575109 .10909900312173963 -.04319003625254035 -.04758128369840384
3 -.02869211731737256 .06549545735653639 -.01710267747718692 -.14058602932619452 -.136021228794986 -.009678899891620874 .05883618360726237 -.022705192890644075
3.2 -.07728891036077737 .01360637996146679 .11629267599265575 -.06569592063441872 .1098973699742198 -.09405808503610492 -.0018592772635519506 .0541390311255157
3.4 -.053552682158315185 -.03499972885317802 .12165586309614182 .07582823799839616 .023472444392192364 .15527381636670828 -.032937186225819585 -.022835755043131113
3.6 -.017243582039785384 -.049675813493978975 -.007260186926424503 .1445217141835153 -.13390589757711888 -.07151635977323055 .025639180090820786 -.008990985144126416
3.8 .014131183411735297 -.03618663986953497 -.120504913529104 .062071389095914364 .14420634169642926 -.046926074409663676 .004673021711444854 .016747991874313355
4 .022725923157298565 -.03222919307343364 -.09560304307839275 -.08486771036971807 -.032893766378468275 .14760553171823027 -.010623929346781968 .021380066110533478
4.2 .02447476441287398 -.012955880534172058 .030055466619896887 -.13694179892346858 -.071459566332227 -.11784947956221699 -.03012451429491639 -.0014811690590381622
4.4 .04291999663677812 .012410890054649114 .12539562204924226 -.03502583997710347 .13170784613024591 .002945085509377718 .009495700287002326 -.04502039252332449
4.6 .02970513003783226 .02111994489477873 .07870497232658863 .09170941090083122 -.08253192386692167 .1035066923268199 .06032515332143902 .040608455794256926
4.8 .005903876636379957 .033273804289376735 -.05153861658157707 .10392196309716106 -.01470112711085081 -.1314161510303557 -.06282253946416974 .016663808464044333
5 -.00497410937821865 .019849300239324567 -.10879201530617474 .002932943173283338 .09820919156408907 .07985976103374362 .031153631370157003 -.050403287623131274
5.2 -.010957833723187446 -.004968219989103078 -.05273991359684467 -.11707712841537596 -.12189086985322833 .024506646722984315 -.010728443300712109 .06590797940463423
5.4 .017603012881046536 -.009340992792761325 .08322704940251112 -.09304378360494375 .06241241351768374 -.10898184400382638 -.014610870340001582 -.030537237865006922
5.6 .03171655377535224 .0035427356160521502 .11957814594196677 .0251897187507987 .05201038159105778 .11577334738335013 .07703119583422542 .039771323907095195
5.8 .010089078119951488 .03247083545404673 .026244959152454138 .11278002624257803 -.12522320992549063 -.031641289892554283 -.10706642528883815 .03844489306180477
6 .005203982655441761 .06975614543679357 -.09540385870110393 .0698047393397212 .10197349241832494 -.07278561932193041 .009045968797600269 -.13902260896792412
6.2 -.06734795362496972 .07299746979367733 -.11162727094064355 -.05601422082598209 .0034031529287219036 .12632208364922998 .12787697644455434 .056201548177301885
6.4 -.10176096451820135 .021593368073940276 .006040621915638446 -.1220155042498827 -.09805514288381935 -.07547113488757014 -.07081479983494282 .07878566625657678
6.6 -.1312530579820514 -.04822645411195755 .10594925299926995 -.05053093905789852 .11680275160793661 -.02310739280810952 -.035147132481724026 -.05339273684361577
6.8 -.06462475531727076 -.13015117872837184 .0854820135115266 .07700607927945853 -.0713173543018818 .10745101130871176 .038251517282253504 -.041530202221274376
7 .029533034351873398 -.09984144459420444 -.0255451475900352 .10064737535935044 -.04287675724573135 -.11274994596833587 .05900957116522193 .03143345861708522
7.2 .07059875238705278 -.06507424381584526 -.10319826037447452 .028198146039998533 .0996216730738163 .04007898521504402 -.042789894441020486 .07227993522438407
7.4 .05676841166551709 -.009363711838012935 -.07009936004720926 -.07853113406386375 -.10307755647560357 .042523696246647834 -.06179997982247472 -.061004489866489174
7.6 .03508595349415541 -.01568751041575074 .053180147877728935 -.09188091934344769 .02455764326823354 -.11555641048136353 .052504501328009365 -.04659537120553851
7.8 .04698251484814286 .0027486877679705627 .11374327135583162 .001977237870538234 .07396844982854724 .1024442104189992 .01734136565794349 .05572200661706924
8 .04257757175071239 .04625825375629067 .05450104268712998 .10865599592757226 -.12045482711492181 -.014973745723927023 -.0714033660341382 .0015185418446063996
8.2 -.009840874057990312 .0568705092671752 -.0846431607681036 .08606682089378237 .08111256646872163 -.08869218184902072 -.002968442747628688 -.04321312131295801
8.4 -.04762422129653692 .036821308895748854 -.11834222133144737 -.013718421662998198 .027299638635927437 .11726674322565199 .030838299810153243 .016115280200541017
8.6 -.04397172555656433 -.0448076622366786 -.023681231935811044 -.11121368180579544 -.11622476769164801 -.06303764512277842 -.01696750491900444 -.02938944360902309
8.8 .06357254324808122 -.0776112498083651 .09296285827059746 -.08590531903258562 .10653949853184819 -.04132420186241269 .04339589668371677 -.022927529418861867
9 .08736669764187335 .026322763650655744 .10881618861409427 .04179748514111638 -.04481679495308995 .11350586925110222 .003278969820225238 .07853035145606996
9.2 .01920610109845996 .12533709899983406 .013788905000060796 .10651196357387305 -.07174112380777597 -.08874906896579862 -.09152294302642941 -.054468446783816814
9.4 -.05293547151456476 .010099225173342226 -.08232728033428192 .05369950366971493 .11487020949066282 .012933522686868907 .10152912203996182 -.08260542853068709
9.6 -.03285758222192526 -.07272196862161161 -.08920261688072681 -.05156498804195523 -.08903091148745416 .0755412276600659 -.002330661178004742 .12741687652787567
9.8 .047296285264647006 -.02958856920556426 .025202052586370705 -.09258287612407803 -.006475341715621948 -.10533836046923996 -.08513320745001436 -.0414987246858418
10 .04267225907669664 .07169314000502228 .10097842531316877 -.02717555997965932 .08472727925873398 .07620550357319712 .06725983763433695 -.05126642760725617
10.2 -.06386569133639931 .08310633822948933 .07728167035677433 .08797380069853664 -.11664502979878187 .012946260246223211 -.03566809138454795 .042249297927349806
10.4 -.13347262667826412 -.03840284843709469 -.05106827498993277 .09597075871312619 .05499633490434289 -.09074974473568201 .01981382231721282 -.03939642043126822
10.6 -.03446869316433668 -.12502875303937197 -.09897453482115269 .009418810667318107 .05469596017084122 .10849368230287433 .013848398368012904 .07184342235096097
10.8 .08284332674165963 -.10017211766577364 -.06415975190845132 -.09483390609132647 -.11726823401865959 -.023646959151595835 -.08509956561800242 -.014178654670619965
11 .1131375820108056 .010633239717143774 .04748771761167645 -.09376574351269602 .09537518137008548 -.05589483080371619 .05124633366733193 -.03385427598118186
11.2 -.012372789387339354 .029159167442798617 .09597832071265577 .01551726199617982 -.009853714260858296 .10915829128297568 .002670943761765958 .06051775549746752
11.4 -.006555539287567138 -.03055944897196293 .039020383811706305 .09797112335274816 -.07722229596179724 -.06722985706686377 -.005508320267641543 -.1089410624170959
11.6 .05084341287046075 -.05088140166378617 -.05965400384588838 .07585058535190821 .10159777937120198 -.0076276649982810005 .06853639609079958 .08575605417961478
11.8 .1305196738587916 .015747325098890066 -.08451155277561545 -.021358346617060903 -.04862209932719469 .07776310948454739 -.11120190325279236 .009194136639028787
12 .049091969474029544 .12257973844457268 -.006892211368513106 -.08489346123089195 -.03077693508788943 -.08860563528226614 .09585277675025464 -.09869743797478081
12.2 -.03879785987633466 .09422169321158529 .08693801231167914 -.05137901822963953 .09615274680389166 .04494657419047952 .03577428557232022 .12446434570538402
12.4 -.05592382221338749 .004171072337639331 .07055383886886238 .04752578162992597 -.09350477513797284 .02784313210238814 -.08451423986645341 -.05117174237804413
12.6 -.0016702294989883893 -.00814026690543294 -.012198996818006038 .09582538316635489 .04068031017341614 -.09400180397800803 .05266060878680349 -.037838135510617495
12.8 .02598355629929304 .05467752723455429 -.08482551790913344 .029952025899916888 .05248163760887384 .08448608260480166 -.039550116185802224 -.003422527807462215
13 -.06110164836556911 .08779096095134616 -.05490741337488889 -.06211423453140259 -.10097005548823476 -.012908044420427084 .06280159319019914 -.03870794175409675
13.2 -.11308836334520578 -.01070362267804146 .029094262881833317 -.08294988178936243 .07606027369797229 -.06984448433814049 -.01881643216290474 .12441478312203288
13.4 -.05845172953865528 -.06518288151681423 .08064280277748703 -.007568905968654154 .007352936650240422 .1051150715222478 -.10857772391847968 -.08213744375866652
13.6 -.007047166189396382 -.04864915778577328 .04212605328899026 .06650904851832985 -.07865487936331629 -.058904586307030916 .12665608376130463 -.06524448846006989
13.8 -.0163294315941155 -.008443070168954134 -.036077025358909366 .07890997284139395 .1021864195335269 -.021698738851201535 .0352272700820446 .08602917436628937
14 -.05114468824598194 -.053152703096520905 -.09196122580053806 -.008057384433120488 -.03882044708883166 .08933997001408339 -.051629626404017206 .00796257478555441
14.2 .019415832964771985 -.13817489865219595 -.02679428911519051 -.07447050323694347 -.040952989656382804 -.07355006153416037 -.03588479436117411 -.018523523785716298
14.4 .15318718031250833 -.10589759208168983 .05555668659822345 -.06229389411466718 .08888575216006041 .034097396899950505 .060502781609141826 -.051944783412647244
14.6 .19043657004461884 .07621529388730526 .07768402818290591 .042069512035650014 -.07632447206148506 .04112525218826532 .05261433635517955 .10793491980746388
14.8 .06794759523347617 .19278888211460116 .005548000746411085 .08200692400781512 .01705550142789483 -.08433201112080813 -.13009101819475294 .013669444932514428
15 -.10432432857620716 .147355364982152 -.06504961306223869 .031259236709821225 .05399875847957135 .07110286402901411 .046798072878897194 -.1494444856129408
15.2 -.14935985761016607 .0016869013738512982 -.05774047102578879 -.0437479662943244 -.1060655867118895 .007319160334962606 .07487354025148153 .09975461418520212
15.4 -.05462042721921205 -.06832768273491265 .016633090636622903 -.08928007680647969 .053110268968701364 -.07341844378057122 -.10650911047434806 .03764221061248779
15.6 -.004830256508350372 -.03869388084955215 .08570530910795927 -.03183780700941086 .0298705815420568 .10439564985093473 .010808946415317058 -.07315438403708338
15.8 -.028096276539069417 -.059056194071668386 .05229760144140124 .056643438738214966 -.09829233513374924 -.040360076882135866 .032693465629208086 .010764355422699452
16 -.00752075315759778 -.09104999378461241 -.02381224476594329 .07263064947712422 .09211550208136439 -.049248676194912196 .01265073553392887 .02171691877039075
16.2 .10186463914873004 -.08341758275478482 -.08055125017150044 .014796990818583966 -.022216701783686878 .10183339501898885 -.04507471840422749 .008354865548610688
16.4 .16073803409393428 .017027828336554765 -.04179270237778425 -.07633845564187765 -.06469172274231315 -.07403744504311681 .012622864024227857 -.0914048754438758
16.6 .09652427622403503 .12054813630365134 .04617785627920627 -.07184177504315377 .09017624709742665 -.00032850278320908574 .10448698726281523 .08217836195232273
16.8 -.03518757336332202 .15794877057724 .08174883714888097 .012508529500228167 -.04829635432651043 .07299933585543036 -.1624873333962798 .0560838195786655
17 -.15108876011778116 .0623297890604496 .028593625780516864 .07494912892033458 -.014473365679848195 -.0939452871888399 .017392061962276696 -.170402050266248
17.2 -.13962069770505428 -.027266429349917173 -.055184603234910964 .04885445982640386 .06664875151437522 .0470999887511909 .13400145355946422 .1315586643294096
17.4 -.10146535918962955 -.07973343435141443 -.07599564631801844 -.03525293957301974 -.08385595198493004 .021982407994276285 -.12902137771797179 .03792821337530613
17.6 .001449723207241297 -.13481440696243643 -.014410566340929269 -.08500365183416606 .025113537198954816 -.0875332780470729 -.00048190548382997557 -.0972401316953063
17.8 .10196062664629817 -.13713053773009778 .06084125893230438 -.032181153975880145 .05133343861691952 .08656936710063814 .0522256518546164 .01709358112719655
18 .17342205058128832 -.034797445469790696 .07334542512607575 .05063573433061242 -.09524371673089861 -.018892088630443813 .021068281199061872 .005831446215325595
18.2 .13332190946668385 .10393188332468271 -.016910872115701435 .08639450290148258 .0789302551491797 -.04876782770788669 -.014255108048546314 .07583741421060562
18.4 .0025521858670890327 .13339285383890867 -.07075341481669545 .03097836266812086 .0015202419088840482 .09725666389321684 -.06878685325375199 -.04980387413140535
18.6 -.10622951203607321 .06529729542500973 -.06053565981112123 -.051399596393352745 -.07222926694356799 -.06127647658692002 .0897480674073279 -.05864973177527785
18.8 -.04106680366175175 -.020512618879956007 .02613869067918658 -.07878071486125589 .08623688762386442 -.022779051400119064 -.01934045554496646 .06581089009938837
19 .05055195147199035 .018057596596425772 .08305947695835232 -.016771947230613232 -.04418252417706251 .06768880539481044 -.01960418612419367 -.010739414552426338
19.2 .0013698680287420745 .07536963277291656 .03628465283156038 .054187339506196974 -.022094085755699877 -.06911895129722953 -.041438333097839355 -.0032515835806548594
19.4 -.0965181359089911 .05571124699220062 -.030044279342854023 .059337571509933476 .07589782207064628 .018870133016455175 .00035147437428832 -.07595052408275604
19.6 -.10723612463192343 -.0867218652431488 -.07956305926575065 -.013968731918692589 -.07278410135915875 .04538231684062481 .10266006003392339 .04028383780396581
19.8 .029778254110604523 -.13676976545628308 -.031629732294464113 -.07125485496883392 .013129067792803048 -.08275882307659387 -.10102169318302275 .09302967372735739
20 .111555827407372 -.03595217604967356 .04663344456165433 -.05857422901123166 .04680213929648996 .05804885239146351 -.04401023856399655 -.1292139043654859
20.2 .06751266236686707 .06379791229245066 .07657737357840538 .02400668050133586 -.09302861620148421 .006533952766233682 .09378248784008622 -.0037454221540451057
20.4 -.09726236811385751 .04200068067147136 .018551815814352036 .07045973921558857 .04545800758072734 -.07162472392633558 -.011632513433569672 .08774869053379297
20.6 -.031304960042256115 -.08451043380381465 -.0511437901243627 .05318910016651154 .02414917725586891 .07692969091151357 -.07315233514264821 .03905701600335836
20.8 .12782198523724078 -.09033962476249933 -.06865791015148164 -.025497649173372987 -.0767652699369192 -.03912275846427083 -.002855866944199801 -.11098786329843402
21 .14644765935923457 .08051632645772695 -.0040883812192559245 -.06269186983636617 .07798919272921682 -.03678734179149866 .12538952780160903 .035448164553177355
21.2 -.009565566835021973 .20104028751232028 .07064917967821956 -.03493542454307079 -.015810187882906196 .08539104879816176 -.07836713131676316 .15626435013586878
21.4 -.19513789807879328 .09774260882862806 .0586819134600401 .039236689344739915 -.041753046886092424 -.057249288581353426 -.12327745414054393 -.12966510900378822
21.6 -.15354553130747078 -.03732565469998717 -.028999422996246815 .061032136407899854 .08451661114473344 -.0013659732307314864 .15757653861779572 -.04574883848020434
21.8 -.05565694519495368 -.09005544620920419 -.07362755602051019 .003764452636700869 -.046653463986915354 .04520352968491316 -.03158586990169286 .1442646966675818
22 .013822584542006253 -.018408360257923605 -.03814330169763565 -.05255858363005519 -.002230465316945314 -.06755852616649867 -.06979927735316754 -.06906352864600421
22.2 -.049319309697633984 -.0028895495962321764 .04283947420431971 -.05782281039897799 .06316039625549913 .04155332630472183 .045348625849360225 -.042781363576489685
22.4 -.07915177728970647 -.11328948370706439 .07160197009986043 -.005367743668818475 -.07192867972758411 .015144989303272962 .04388539577363133 -.00394876224848628
22.6 .025170767824077605 -.18594923595006466 .02888690609212518 .06885765601973534 .035057136990797516 -.08063795773892403 .012248006320858002 .05158060699329972
22.8 .16642713459798097 -.09373660124800205 -.035620046472585196 .05254494768337608 .0356288139033258 .06983716750811339 -.09093367061215042 -.0042754236761868005
23 .13563330388548372 .05514040703309178 -.06352476473422647 -.00937062252818942 -.0732559046839714 -.009045715993601084 .021919891766148808 -.10387801601439714
23.2 .03516316705268026 .051792093233889336 -.026174221881318092 -.0604543748058319 .060458744722372296 -.04890919212421179 .041656993487781284 .07885931453732252
23.4 .05278166415075063 .035752653730762 .047120960204756264 -.04485419399987459 -.002525196704053878 .07015772508526444 -.06190102372536659 .005045016690474748
23.6 .10680824275260568 .03847679212113023 .07306594005784392 .03054469572507739 -.06161097262027264 -.03928893883913159 .032071345371979476 -.011759782028275729
23.8 .05839615718153715 .15072082898768188 .00948918388903141 .0655382713292718 .06368242160000802 -.022679579730337858 -.03940440334322452 -.0051054223883390416
24 -.08801007377803326 .15170657946514488 -.05287951335259676 .030319862233924865 -.03729477643828392 .05631833426969648 .053030272031623124 -.06741571758775114
24.2 -.17783824689665437 .010131743865519762 -.04773738306533694 -.04505337456629872 -.03161745560301542 -.06626922033268214 .017586780494880678 .09543368993363976
24.4 -.0905376526734531 -.11906809684435725 .0032772145459413517 -.07248107438449262 .07283120458194017 .02266483552778363 -.1074526726279378 -.048091742494738104
24.6 .03338189305073619 -.09982046851267815 .06076071731615662 -.022278384542024136 -.05913595486433506 .04146529921598434 .0774286360494852 -.0360915184125185
24.8 .04156904253315926 .027961497690260413 .0521872484670639 .043557369259864094 .005890747002851963 -.07639834437478185 -.021076207168430092 .04390006840759516
25 -.04542509105966687 .041467105669236184 -.03341741736571193 .06908231820992827 .04612306197338104 .058721305785566565 .02111147561239004 -.03966834907765389
25.2 -.04876363492230176 -.06752532513607144 -.06433164459939003 -.0022688566312670713 -.07852549772322179 .0005768176858723158 .00780030633033514 .08368612862346768
25.4 .052273426678484676 -.10543553638647199 -.03981900103940964 -.06431346644765736 .035951551055961845 -.04956609007519484 -.07843694417030812 -.05769383820311427
25.6 .0974889483771205 -.0037304613100528714 .02633347478414774 -.061604525768917805 .015258780275404454 .07005849154697656 .0915377538821578 -.058016389279782775
25.8 -.00450892110053301 .06382849014927149 .06499801756523849 .013542338551670313 -.06521410067629219 -.034985869108510016 -.01773693163537383 .07455007044293285
26 -.06741448465191721 -.023505827362054584 .030049264608240124 .0656191812813759 .061298849191951756 -.037183859492695336 .005381264792919159 -.025731059906661517
26.2 .036352865994298454 -.12761298079301714 -.04610727122528553 .045172596510416274 -.008578440056991576 .07381470140070319 .0041067500907242295 .040198984402543304
26.4 .1549896490313053 -.08157680645965337 -.05211968705995679 -.013289731461340189 -.0361878602685988 -.045951770311111216 -.042871277447742225 -.06891857291323542
26.6 .14504119854825734 .0736650650635004 -.012375716036397219 -.048456328960222006 .07224830505143404 .000339147142404318 .08544678443867564 .015169249278354644
26.8 .01861639623007178 .1678910995403409 .05660819731689692 -.045164768212002514 -.0513239948189497 .04613348189546466 -.08189411962018013 .10645368206614851
27 -.10693756084004045 .054550930922526115 .0542456035646081 .01805256994407773 -.014516482369518281 -.0726445784960389 -.02583973701478243 -.09169176767987608
27.2 -.040362049085354804 .015015896341663601 .006517069415640829 .05961370326402187 .06825276577084065 .02873330300680995 .0553782001263082 .04181129030166268
27.4 .02739678006177545 .034848648763805626 -.0648150605623424 .028139080021178722 -.060848027104347946 .032903714246147873 -.07419963482031226 -.010847646101903915
27.6 -.04167516629376412 .060371621906620265 -.05304372177592516 -.040433538631802796 .022024396403074267 -.06085926467238069 .03671885943468809 -.036188080699950456
27.8 -.08905193918510676 .008558892252349853 .002025605468320847 -.06305474840080143 .0350569266179204 .05254070444974899 -.010004522964251042 .05136951521114707
28 -.006530085658687353 -.0577304703284204 .06037522642913461 -.0322588898589313 -.060526151999485495 -.012307139312064648 -.03773697900890112 -.02515616122819781
28.2 .06632386284313202 -.009649089906287194 .04425516178394556 .03933125257291793 .029115751206076144 -.05471172004991769 -.007998231551027298 -.01569093719254732
28.4 .01408300362339616 .10663018538784386 -.019887785159283876 .0552901522819519 .016029409757423403 .05244665343667865 .0707671124168396 -.0394705982524097
28.6 -.14228268101184963 .12473079379869105 -.06072476092272997 .020051292287254337 -.047073063278150556 -.035288637710672616 .024732019425064325 .136525286749959
28.8 -.21420692432338595 -.06897984213309288 -.02212961008505821 -.05085570828445554 .0583431889451623 -.009365364062160255 -.19593851312211155 -.031809433193707465
29 -.0455789869425714 -.21333774858409169 .01917322608343959 -.04598458913167119 -.019620447376334664 .06220542523386478 .07044050762465 -.16415179347273112
29.2 .1129027884798646 -.1451387342679918 .05324355274868011 .004169375677025319 -.03460803988416791 -.04742408050429821 .11843556758483649 .143877968904078
29.4 .0999541731726706 -.028629281430584193 .017224010448908804 .04863987903880477 .050623711927717925 .01043150434987545 -.1363575281973362 .06424040036853551
29.6 .032164852715897564 -.0416746357313633 -.029514410291796918 .04305361208255887 -.05294168396120071 .04525910055245757 -.03542833975178003 -.08466864338877797
29.8 .086820995785439 -.10233907692324519 -.05578602141011357 -.017003713030040266 .003754867733687162 -.044623414334219694 .01714718417687416 -.08369619552238583
30 .2498931727091372 -.003962062715750933 -.007828144829171896 -.04222400351272225 .05589284399492145 .02905217451184988 .1525375817888975 .015266775222748519
30.2 .2618059663605988 .21259263093173505 .05201549600113034 -.03380124670631886 -.05624246779596209 .014966991655147076 -.10275316059727668 .22015890666903853
30.4 -.031137153069853783 .35111579931261544 .05178871815122962 .02481041902385354 .016723366943579912 -.051117504411304 -.17898116969095468 -.17869427188500164
30.6 -.255086521171242 .17478424190870523 .006678538818919658 .043152708542639015 .031637175688177345 .04938368014495969 .22596175182906986 -.05806952177008987
30.8 -.23786134448522928 -.07511760638188124 -.05098163064574599 .014581819812464713 -.05448527840284109 -.0017902689782738684 -.02615922420055867 .19377728482988477
31 -.04891519684863091 -.14730607554157377 -.049423784406417606 -.026034280859452485 .04790163364533782 -.0259774911026895 -.09197657606085538 -.08577994865093232
31.2 .05181828424527646 -.0140334882871449 .014073624085879326 -.04617227815235257 -.0033022905975461005 .06086845574905872 .02468171750567555 .015604378787183763
31.4 -.035917414860552555 .04304709263908267 .04621217432236075 -.011856673765707015 -.02688028951585293 -.029244294432646034 -.04507136035107374 -.057710679724627734
31.6 -.0862089047364056 -.07903088997007013 .02959439684240222 .028848117182111742 .05666988523655534 -.009550478281468152 .14402370439293982 -.0008934022113084791
31.8 .004376697299170494 -.16045281945481896 -.012349866693162919 .03412303485398292 -.018676868161869052 .04147277150137424 -.08784001679800749 .1383004184220493
32 .12442606989424825 -.07300230615196228 -.04008493724659681 -.0032597891782701017 -.022076565850460528 -.04088910378834605 -.05356751461800933 -.17041393827878237
32.2 .11674304217224717 .06795859216307401 -.019722523950278757 -.03446559983679056 .04261381722623706 .002375376768219471 .14525574800126553 .04238509093834162
32.4 .008450285334545374 .09825015808966756 .01686640542398691 -.04342375356878042 -.05008239938281178 .02598620718566775 -.0877214210868299 .06283594234280586
32.6 -.07804657010789513 .015423403582668303 .04365629340727925 .011148132222551108 .007243073129630089 -.047857649815082545 .041394808167862895 -.08221073315543533
32.8 -.034886590620803834 -.024469462024974818 .008675632060402633 .045516570395070316 .03211504818418026 .03290730671570301 -.0031691851139664644 .06760775066971779
33 .04312860427587628 -.03982666684841514 -.029105493567854163 .03774354205200076 -.0480487635029912 .007096642777174711 -.040609834366822244 -.06305276032326221
33.2 .013144392338383198 -.011037072310453654 -.03884343080087304 -.015001390300107002 .03373819697836637 -.03929945390565395 .06277838994495868 .021421960659879447
33.4 -.013329591955959797 -.015660850725233554 -.007058877987766265 -.03923951862310171 .02104003483760953 .048584389129650594 -.033308064759910105 -.004851452953618765
33.6 .03910202615123391 -.04464039324267506 .027897126712620256 -.023409569391191005 -.030830186697113515 -.009949557337254286 .04626268940947652 -.0028652604140996935
33.8 .07250295455862879 .008503169838809966 .022691344444799425 .023763402526319026 .035596664965301755 -.010268996544432639 -.0622151920250237 .07330999252978562
34 .02374032255679965 .07426078723511695 -.0005576150328993803 .03612253632300496 -.0037731355978369713 .03198664524802566 -.03574329356911778 -.11033358783640265
34.2 -.0327463000637114 .047987691639512775 -.03283704296963215 .01967443176278472 -.01798450538879633 -.029471964982765914 .11625544496682287 .010008052199167014
34.4 -.019935613007205727 -.016359740783262255 -.02935317285670638 -.03181871888930798 .0365012574654758 .007259720237118005 -.03703455752263665 .08096987737839222
34.6 .019909041939687726 -.006454423579514026 -.0013121893721640115 -.026301823811727763 -.021031866286587715 .031185933492052557 -.0545632029655993 -.03382672223582864
34.8 .017981654193526507 .041390096190965175 .041254533769804244 -.011247327266782521 .0013269758060932167 -.04002346604191065 .01710781661378145 -.02767830532234907
35 -.055882336715149875 .06683224545186162 .025380612784898282 .017791770851564408 .030362165873521564 .026882676603657008 .06976862679461837 -.02245789542220831
35.2 -.09315486910229921 .004352132331705095 -.00957178692922592 .02433349926094413 -.03341667197571993 .01129168068641424 .0033522124884605405 .085795375462991
35.4 -.02730350574775934 -.06930329743902683 -.03009605959383249 .012062951873219012 .013712248953777553 -.029982396595710517 -.11273260974940658 -.028021613443094492
35.6 .016550256289577486 -.037729702806162835 -.017556270854353906 -.027410651155787707 .01631283339741826 .03378220467855334 .045245848668038845 -.08848517200353145
35.8 .021259391507852075 .026576354666078092 .02428606248600483 -.027473844408267736 -.032864421505528686 -.006709863230985403 .03695917181791067 .05032652150768042
36 -.049603563459175826 -.010630187091451884 .035021687790018324 -.0016351176680803304 .011689586695611475 -.027083930989962816 -.013095722399544716 .010698301755040883
36.2 -.03205772319062948 -.061692094954729076 .009178823807698489 .017651601309883594 .010682823037177323 .021088207749837638 -.02348343526599407 -.0020329625819385053
36.4 .04526245295225382 -.06872936709321141 -.01992695487191677 .008179400080621242 -.024344384359854462 -.012888249622923136 -.007907918563890457 -.06506620005236864
36.6 .08216747764906288 .006686798519700766 -.020460137666255235 -7.533479332328015e-05 .023795715026199815 -.0062022560233473785 .07947555902855397 .012259523277944325
36.8 .025788955746001006 .06762814063851237 .007619302893221379 -.025926209763264655 -.01996913639957905 .03224709916287065 -.055776671456235646 .05407563056927919
37 -.01778553151612282 .03617956628143191 .02575205218586922 -.015962700791579486 -.01636272878294587 -.02260568535399437 -.018244722069364786 -.0694147966899097
37.2 -.0013517155677914613 -.010547419538229704 .019539120444971324 .015643955089569093 .02644701774072647 .010155667922860384 .032416021107435224 .03223611981250048
37.4 .017560402781659365 .019964180804640054 -.009507320276206732 .016867895529800652 -.01574599041119218 .021410866503393647 -.035651292529505496 -.0025221897855043415
37.6 -.024605349455183743 .051115591113394504 -.01445895440610647 6.88873308896977e-07 .0016040842136621478 -.02502771463102698 .037570018110865355 -.010088910762643814
37.8 -.09377846515895127 .013565419946718215 -.017257324174916745 -.010093535491579769 .026067070989602807 .007572981138950587 -.03175058506823182 .0440554976223886
38 -.06553839670690298 -.10029029996909498 .0157154840082407 -.014835958493685724 -.026126152256798745 .009354548231810332 .02550617143468261 -.0457110519687891
38.2 .07096685929968954 -.08179803892415165 .014225859605312346 -.00892599775646329 .016767540032619238 -.023864301329547165 .00732487044377327 .06788209569788575
38.4 .13571123102747798 .010072452229481936 .016299247015565635 .012438286903011799 .014711727676147222 .02006180120763183 -.06561731342337727 -.05039230846149922
38.6 .042090974161511654 .10296894954246283 -.021806831049352885 .021932836514610053 -.023265109182637928 -.018923069056344034 .10167770161435008 -.019632808305376767
38.8 -.057533639462530616 .08010099091403484 -.025239129705113172 .001986036623871326 .01898017126746774 -.01773496783217788 -.043534674908703566 .09416234356155992
39 -.08898570453739166 .004619303253114224 -.007933146539109946 -.007534290013760327 -.0038293482017815114 .014837044052797555 -.049194121899539235 -.09400192628506421
39.2 -.008202065324819088 -.015957640227556233 .0039039289769470693 -.017006968336027863 -.008204224685633182 -.020686398519921302 .086294532758075 -.002585683723688125
39.4 .008062063771885633 .00794234605537653 .012095546739399433 -.0010760140238702297 .026823546885937452 .008525105343806743 -.00479973686763048 .06049305702520013
39.6 -.04686748711644411 .002620523789829015 -.011689733630150557 .011211494561469556 -.00849720875299573 .006317211832332611 -.022691965282183885 -.003687946936291456
39.8 -.05409197077886463 -.05153468880593776 -.01611439958244562 .004028777049899101 -.00541311439050436 -.008112752426224947 -.028433677984583378 -.015584754203790425
40 .03893077535536885 -.08696985286908747 -.004857431653106212 -.018272473886066676 .00751033185454607 .010037564956748485 .061268412707149986 -.03041852740581035
