.2 .0030978217302577845 .0011373216464759062 .10065236592490576 -.015401976312445474 .10065236592490576 -.015401976312445474 -.0008806066066222583 .0009563116669649238
.4 .002891630482930773 .001370574022147489 .09719514667176 -.030272917067330735 .09719514667176 -.030272917067330735 -.0015633471048171847 .0006677917563580179
.6 .00309660302339237 .0016312724222266603 .09156768813863982 -.0444826318157461 .09156768813863982 -.0444826318157461 -.001560727262096082 .0008967331896110836
.8 .003360169609429075 .0017746155064884501 .08390572810270187 -.057688373457445694 .08390572810270187 -.057688373457445694 -.0016184549105296478 .0009952907628338913
1 .0035477209173300347 .0018476136751872506 .07429806096866244 -.06957555753784345 .07429806096866244 -.06957555753784345 -.0015510445763626496 .0010973881365023085
1.2 .0037458812192559996 .0018995720284382964 .06303747237005841 -.0799052671794603 .06303747237005841 -.0799052671794603 -.0015837269772652216 .0012213962753678123
1.4 .004034188936725482 .0019938203587088086 .050374241597577266 -.08842299222441402 .050374241597577266 -.08842299222441402 -.001617142903211741 .0013397196835875408
1.6 .004139717642109493 .0020056764055069844 .03655207910812457 -.09492418696674611 .03655207910812457 -.09492418696674611 -.00176884948055904 .0014700923491828717
1.8 .004360489114209534 .002006523033722801 .021933950727702767 -.09926556497963834 .021933950727702767 -.09926556497963834 -.0017132684069085928 .0016806877657342817
2 .004557016383177227 .0020575717930255443 .006823563342556232 -.10139552771658175 .006823563342556232 -.10139552771658175 -.0019028467152550537 .001915508908421742
2.2 .004697699130631067 .0019853520791205063 -.008395763749190729 -.10125398886758866 -.008395763749190729 -.10125398886758866 -.00207491736463392 .0021667297777850907
2.4 .0048104014755391816 .001974851296713366 -.023451567676704723 -.09882183345749082 -.023451567676704723 -.09882183345749082 -.0020834642249829465 .002559135952468374
2.6 .004948638957242994 .0018976228473690383 -.03791052898473118 -.0941629066910852 -.03791052898473118 -.0941629066910852 -.002259071711888821 .0029302892349636262
2.8 .005179703965683117 .001849504481715736 -.05157766016884354 -.08738701836397453 -.05157766016884354 -.08738701836397453 -.002304670337542896 .003511195613355928
3 .005331326710895789 .0017137547962556043 -.06405145313119179 -.07870296918681706 -.06405145313119179 -.07870296918681706 -.002194224704168695 .004042941744276784
3.2 .005592022079447939 .0015392495129012507 -.0750569398403447 -.06820083608966492 -.0750569398403447 -.06820083608966492 -.0019985459658764886 .004583210012892581
3.4 .005866918843241339 .0012566874260609548 -.084392029436562 -.056197405178915395 -.084392029436562 -.056197405178915395 -.0017625230153968771 .005104264160503089
3.6 .006245671207339541 .0008255853498033055 -.09178630736127338 -.042937257686800574 -.09178630736127338 -.042937257686800574 -.0012899744777506892 .005552113637773622
3.8 .006495252407329105 .0002483871274552275 -.09716875976961889 -.0287089244373528 -.09716875976961889 -.0287089244373528 -.0008496636170582881 .00583849909975564
4 .006780411393346038 -.0005157725632323194 -.10031817850850121 -.013884607421549977 -.10031817850850121 -.013884607421549977 -.0003662912372091407 .005988808790531202
4.2 .006967416378323621 -.0013656899395791725 -.10123105826967636 .0013075160037447746 -.10123105826967636 .0013075160037447746 .0002131325152003708 .006196335572817564
4.4 .006907660272840988 -.002360980634188761 -.09988870032645868 .016411110725584224 -.09988870032645868 .016411110725584224 .0006620650834316592 .0061645494421977524
4.6 .006678384039955805 -.0034130904785639044 -.09626720586745473 .03114913354984109 -.09626720586745473 .03114913354984109 .0010918177473349128 .006204670338269755
4.8 .0062506896307497 -.004496540797105947 -.09052691770366217 .04519425425324688 -.09052691770366217 .04519425425324688 .0015472162775323575 .006210162782934028
5 .005570522355063959 -.005601721225813785 -.08273251005687869 .05818853628125694 -.08273251005687869 .05818853628125694 .001984859048182823 .006189534276409395
5.2 .004581746463956379 -.006558017942947641 -.0730636128818306 .06989433351628946 -.0730636128818306 .06989433351628946 .002370469070485657 .0062666479385610025
5.4 .0034252097233504093 -.00745036498106407 -.061797026061494884 .07998485633864386 -.061797026061494884 .07998485633864386 .0028416440656842657 .006287691070970439
5.6 .0020220045978239856 -.0080499377268634 -.04909795308582305 .0882841170438053 -.04909795308582305 .0882841170438053 .0032517306971253136 .006198890826056943
5.8 .00046597303220982417 -.008387065585367339 -.035361061647792645 .09457745553125772 -.035361061647792645 .09457745553125772 .003765237057480845 .006254037887714863
6 -.001171957594413258 -.008317843193815153 -.02081121692326402 .0987563017265937 -.02081121692326402 .0987563017265937 .004464845752163329 .006273368505786112
6.2 -.002858325108106139 -.008004997037873909 -.005825909903257051 .10073372299074476 -.005825909903257051 .10073372299074476 .005184959208505047 .006092306460293894
6.4 -.004548326595841281 -.007416382216253614 .00929749266378738 .10041447097568289 .00929749266378738 .10041447097568289 .005889437113253124 .0058484639426978355
6.6 -.006131987166348424 -.006450483190563186 .024188596333066466 .09788809841906071 .024188596333066466 .09788809841906071 .006783452645735223 .005605780070879325
6.8 -.007575588917386059 -.005220196601161446 .038554359389035585 .09317043188031725 .038554359389035585 .09317043188031725 .007639693453494226 .005125922740018372
7 -.008916279586568085 -.0038196803968590445 .052068212848194226 .08634853337178862 .052068212848194226 .08634853337178862 .008327308652668135 .004572300362311994
7.2 -.009970769378977356 -.0021502925362023506 .06430858910327132 .07754264630335725 .06430858910327132 .07754264630335725 .008969363491684992 .0039484830699938935
7.4 -.010795789242435828 -.0003015536982145457 .07512032984418297 .06700036170222125 .07512032984418297 .06700036170222125 .009584203992251811 .003186382562547133
7.6 -.011371896157654864 .001711717786176952 .08424631629969122 .055024303862647186 .08424631629969122 .055024303862647186 .010106684677102412 .0024525343703245654
7.8 -.011610106005468688 .0037477244484860287 .0914777260088077 .04180454744231176 .0914777260088077 .04180454744231176 .010563549776144189 .0017033543750271272
8 -.011529544672453386 .005786155860837294 .09665592072695972 .027642627032386388 .09665592072695972 .027642627032386388 .010964104247396207 .0008879290806300018
8.2 -.011002860175631932 .007822216307127594 .09964083226039419 .012905718323352246 .09964083226039419 .012905718323352246 .011199975435660248 2.3457207997656986e-05
8.4 -.010101260128197512 .009693531029634517 .10041568139438825 -.0021384759978551595 .10041568139438825 -.0021384759978551595 .011376109476690646 -.0007376538309731067
8.6 -.009012733733413335 .011486105982907929 .09893269195019118 -.017124209679034403 .09893269195019118 -.017124209679034403 .011596680969995629 -.0015514478657503304
8.8 -.007459152570449191 .013013878858002375 .09523229384625614 -.03169802922726959 .09523229384625614 -.03169802922726959 .011678979283356946 -.0022828584929686924
9 -.0055539798895525684 .014363610527525649 .08936776238185881 -.045535149297927915 .08936776238185881 -.045535149297927915 .011931514807662823 -.0029881356051094446
9.2 -.003328149603867026 .015445498380249173 .0815068984765708 -.058353207994040764 .0815068984765708 -.058353207994040764 .012279023163714316 -.003954186407463268
9.4 -.00103768144154529 .01626693631959849 .07185589067051873 -.06982801468620396 .07185589067051873 -.06982801468620396 .012539801878180296 -.0050003368742501655
9.6 .0012274774142396656 .016755097707788262 .06058521619780835 -.07970247147387476 .06058521619780835 -.07970247147387476 .012569159414851061 -.006165730419346998
9.8 .003316535474274182 .016673349766854917 .047988718269604 -.0877986473370875 .047988718269604 -.0877986473370875 .012404092568570056 -.007509226827733007
10 .005208119016131049 .01618256766751847 .03431284325045773 -.09391659314546646 .03431284325045773 -.09391659314546646 .01182127252375457 -.00873770655945399
10.2 .006876007387695778 .015328422045479862 .019903643319022748 -.09791700500756952 .019903643319022748 -.09791700500756952 .011200698305270932 -.009826207685282296
10.4 .008326741419413515 .014012686299715103 .00505405446791608 -.09976850567920025 .00505405446791608 -.09976850567920025 .010434931212497263 -.01077553760099469
10.6 .009540153759949852 .012468980160242242 -.009917121101498236 -.09935674038141484 -.009917121101498236 -.09935674038141484 .009504764328377649 -.011604286064295373
10.8 .010327938967123682 .01073981734906922 -.024615011503851945 -.0967095675163586 -.024615011503851945 -.0967095675163586 .008486540420155226 -.012246984596098404
11 .01070858751598468 .008862062593578149 -.03874534209244149 -.09190200757858294 -.03874534209244149 -.09190200757858294 .007566802550503219 -.012835633960256814
11.2 .010573233750611699 .006853227564799354 -.05202234740483009 -.08502593943238511 -.05202234740483009 -.08502593943238511 .00658754085456334 -.013253086640079697
11.4 .010173602116844786 .0049181114229073005 -.06407496133646365 -.07628041675422634 -.06407496133646365 -.07628041675422634 .005679918729492315 -.01355833777519805
11.6 .009395507434661755 .0031200064174959122 -.07468943576002411 -.06580127380816353 -.07468943576002411 -.06580127380816353 .0046536823422045365 -.013732925422423794
11.8 .008238596355387135 .001638758704935477 -.08362230435101439 -.05389089768891723 -.08362230435101439 -.05389089768891723 .003673558905864048 -.013923539958112194
12 .006876797969044453 .0005653757095472824 -.09066379035511847 -.040783968657223765 -.09066379035511847 -.040783968657223765 .002777551222445601 -.01402765872149344
12.2 .005297721819884692 -.00015538184938281016 -.0956989648524288 -.026755643958653902 -.0956989648524288 -.026755643958653902 .0018343516782998064 -.014181860030345762
12.4 .0037710250854349563 -.0004683693040969709 -.0985720996516711 -.012190458584155142 -.0985720996516711 -.012190458584155142 .0009875583677160028 -.01426585884096552
12.6 .0021554507703769542 -.0004404906088458583 -.09921813579732493 .002684763852547081 -.09921813579732493 .002684763852547081 .0001315960190207921 -.014499402832109255
12.8 .000798814185940336 -4.3541891788007286e-05 -.0976622119588473 .01744905278507522 -.0976622119588473 .01744905278507522 -.0008974135311623947 -.014672581536801444
13 -.0004924125177154167 .0007533458119596633 -.09388475112611942 .031814765978739105 -.09388475112611942 .031814765978739105 -.0020149814346255225 -.014864045540098242
13.2 -.0016279292039195793 .001897326146719579 -.08804482718480526 .045423865294086915 -.08804482718480526 .045423865294086915 -.0032964228068149866 -.015043058089321798
13.4 -.0025909737826229342 .0033055793528155696 -.08020877084852712 .0579974874608576 -.08020877084852712 .0579974874608576 -.004614198402632453 -.015111226723901146
13.6 -.003185749840009195 .0047266264879807654 -.07058944941973572 .06927125431121077 -.07058944941973572 .06927125431121077 -.005900377109787002 -.014872308158530793
13.8 -.003466423843353614 .006310618490942829 -.059437576829462054 .07896231609171997 -.059437576829462054 .07896231609171997 -.007289210242654345 -.0143553966869043
14 -.0032563781092309232 .00795964833455107 -.04694436419376019 .08689426951673282 -.04694436419376019 .08689426951673282 -.00869709856298545 -.013667497085630434
14.2 -.002677428951481734 .009634903954361321 -.033456021770431416 .09287681101846408 -.033456021770431416 .09287681101846408 -.009924625443026214 -.012803976328298827
14.4 -.0018913539298617925 .01124200962070378 -.019205379713945345 .09672841388344303 -.019205379713945345 .09672841388344303 -.01107935334354162 -.01181896482306945
14.6 -.0008262738221210111 .012572878412315835 -.0045574130519892555 .09846577832955274 -.0045574130519892555 .09846577832955274 -.012039549257026364 -.010689212023701086
14.8 .0005908522705493157 .01358715914363215 .010174344415457733 .09795346169372043 .010174344415457733 .09795346169372043 -.012953785875516561 -.00956082797101107
15 .002409695045565893 .014399769782443578 .024679445857680726 .09529110373977823 .024679445857680726 .09529110373977823 -.013703157385209492 -.008259750460890362
15.2 .004514184686433161 .015037025524244225 .0385368210525154 .09047955951300046 .0385368210525154 .09047955951300046 -.014166928381206728 -.006995580050414645
15.4 .00667514352602747 .015307921443061222 .05159182487045403 .0836321982967798 .05159182487045403 .0836321982967798 -.01461557577193589 -.005733667661697928
15.6 .008906194248532482 .015180240578047732 .06342153102630504 .07496958888365785 .06342153102630504 .07496958888365785 -.01495216365509708 -.004448910207139938
15.8 .011132730825386081 .014524197202238014 .07383972305243541 .06459627651587066 .07383972305243541 .06459627651587066 -.015145933235698539 -.0032940410470670115
16 .01316275726815234 .013282764060981538 .08261271320752522 .052853352300146095 .08261271320752522 .052853352300146095 -.015366333922819506 -.0020312020511033695
16.2 .014950089407510593 .011563080329541935 .08947362740552511 .039911095383694084 .08947362740552511 .039911095383694084 -.01548696439240165 -.0006355579505311452
16.4 .016402406173098696 .009389945246522674 .09436597740089518 .026081339805121107 .09436597740089518 .026081339805121107 -.015589221495006859 .0005798044322149655
16.6 .01738080630501862 .006899099375094189 .09711856874716487 .011735439931199352 .09711856874716487 .011735439931199352 -.015776701954733068 .001976278176654758
16.8 .017824483843248654 .004144608029930899 .09773746050254643 -.002883706765833617 .09773746050254643 -.002883706765833617 -.015681649720016577 .003646349141086749
17 .017661900626824625 .0011607179882176094 .0961278760700023 -.017400078314641073 .0961278760700023 -.017400078314641073 -.015190545840853917 .005334540004247392
17.2 .01689105716993658 -.001921506617718021 .09237102562588824 -.031517639876362954 .09237102562588824 -.031517639876362954 -.01471503726265899 .007240695985784616
17.4 .015678368196022193 -.004811316941333199 .08658314723069348 -.04489961431904715 .08658314723069348 -.04489961431904715 -.013877582662311528 .009108935143621918
17.6 .013982804671916062 -.007356709421136761 .07883384433241969 -.05725512118241147 .07883384433241969 -.05725512118241147 -.012920291857996466 .010738065854900976
17.8 .011495255069160994 -.00932196926056552 .0694015696165567 -.06831988559539016 .0694015696165567 -.06831988559539016 -.01152174832917992 .012226582328641135
18 .008584433015288008 -.010932406405089102 .058371692347697395 -.07782863347488372 .058371692347697395 -.07782863347488372 -.009799500099586241 .01352256624306974
18.2 .005451199435108333 -.011911944623724314 .04608062398749484 -.08561680064393185 .04608062398749484 -.08561680064393185 -.008139622273612123 .014582062585344962
18.4 .002321402391290448 -.012180767255707294 .03278504666292284 -.0914644711249631 .03278504666292284 -.0914644711249631 -.0065171599655998655 .01537584553716583
18.6 -.0008161507428062663 -.011671499388039944 .01875740851822871 -.09525525802531859 .01875740851822871 -.09525525802531859 -.004564438943865255 .015960134621228177
18.8 -.004048372645797783 -.010442733306982241 .004366166539275053 -.09689682600641368 .004366166539275053 -.09689682600641368 -.002588139517047013 .016194490848442863
19 -.00724081297755277 -.008675288319364571 -.010130585951999315 -.09638608688214888 -.010130585951999315 -.09638608688214888 -.0008240068181482194 .016379286088338687
19.2 -.010073162516812919 -.0065216099936959765 -.02434750168081201 -.09373973468112519 -.02434750168081201 -.09373973468112519 .0008427363286875334 .016578594496528053
19.4 -.012522903642350586 -.00384537181094396 -.038020650179292084 -.08896600860530095 -.038020650179292084 -.08896600860530095 .0024165167510674934 .016524238160708353
19.6 -.014477812903129087 -.0008018313675511369 -.05080416186350202 -.0822589481853904 -.05080416186350202 -.0822589481853904 .003948094697636254 .016432362832486887
19.8 -.01590658832972648 .0024880610339397336 -.062423033540134225 -.07368489278943319 -.062423033540134225 -.07368489278943319 .005480779642617617 .016408871213738876
20 -.016777981252767808 .005944690495036053 -.07266455737466221 -.06352345829636609 -.07266455737466221 -.06352345829636609 .006799175096230339 .016342007771715236
20.2 -.016947886690610862 .009440822883743514 -.08120763928969792 -.05195442447289848 -.08120763928969792 -.05195442447289848 .008346998062174133 .01650992499528878
20.4 -.016397326507491223 .012797174821292615 -.0879825220175618 -.03919074385280265 -.0879825220175618 -.03919074385280265 .01011047677446378 .01655712110824308
20.6 -.015129868712506538 .01597144554329118 -.09274137163432751 -.02566717228282116 -.09274137163432751 -.02566717228282116 .011972134030639155 .016393840512595327
20.8 -.013090628552241631 .01903274662541474 -.09544480027630103 -.011533188089950573 -.09544480027630103 -.011533188089950573 .013920895637499365 .01625326627634738
21 -.010425992401018703 .021838925853940257 -.0960213262759867 .0027827532321942536 -.0960213262759867 .0027827532321942536 .015938186082333414 .015596929967301689
21.2 -.007269228660576873 .024337590568506318 -.09441488014660539 .017038959018492103 -.09441488014660539 .017038959018492103 .018236886884674116 .014340709771681497
21.4 -.0037745247431968613 .02612877653015913 -.09076965363250146 .030865158291844677 -.09076965363250146 .030865158291844677 .020393008774543163 .01265405836565509
21.6 .0002356164584560952 .026998971922732626 -.0850468253070462 .04397115792639944 -.0850468253070462 .04397115792639944 .02210091436673918 .010803221008294783
21.8 .004732778370986647 .0270896808562065 -.07748141902713251 .05612842229357089 -.07748141902713251 .05612842229357089 .0236907663504163 .008589970298550673
22 .009208938998113146 .026653994869982076 -.06822038480228618 .066923061003485 -.06822038480228618 .066923061003485 .02498781119521612 .006008268608528753
22.2 .013274395758407661 .02544563650705497 -.05740640881325984 .07629163533787013 -.05740640881325984 .07629163533787013 .026080951570675276 .0033873241899899016
22.4 .01679234771209469 .023274601141933842 -.04539878274370394 .08389328490238349 -.04539878274370394 .08389328490238349 .02679056979273031 .0007108939307985925
22.6 .01979370594811887 .02008604502731694 -.03235676335344638 .08962887783392079 -.03235676335344638 .08962887783392079 .026951914762511717 -.0016106801775346087
22.8 .022280636596929238 .016289052545669362 -.018644777896809062 .09339282666370362 -.018644777896809062 .09339282666370362 .027120550394204218 -.0039032994140123815
23 .023993600388505357 .012162119075091954 -.004581613783194714 .09503770163270203 -.004581613783194714 .09503770163270203 .027040918877946296 -.006452031171369797
23.2 .02480209291475223 .007801037562273182 .009638362242726626 .09455959084211396 .009638362242726626 .09455959084211396 .02663109219258391 -.008647827971814449
23.4 .024759728577553684 .0034577219040679737 .02353582159765328 .09199919924143356 .02353582159765328 .09199919924143356 .026496798323359244 -.010496174475075518
23.6 .023686970117819645 -.0007857777278080727 .03695522841936004 .08735764600746874 .03695522841936004 .08735764600746874 .02631807566586457 -.012649066892297908
23.8 .02190561721220817 -.004680163945014022 .04944427741261686 .08084400247558075 .04944427741261686 .08084400247558075 .02607708548915979 -.014831911960062732
24 .019378952835041284 -.008090499800212928 .06086927085760713 .0724897690584454 .06086927085760713 .0724897690584454 .02556137976911491 -.017183010920647265
24.2 .016346049954631903 -.010815112152940365 .07090193442321896 .06259648978045211 .07090193442321896 .06259648978045211 .02468227752735944 -.0197318315435341
24.4 .012845112238785197 -.012609642801166525 .07932913247867926 .05132031734749934 .07932913247867926 .05132031734749934 .023637929646138905 -.022158706687083238
24.6 .008822820562658228 -.013467287674923082 .08599818081453942 .038920050527342945 .08599818081453942 .038920050527342945 .02240089825632645 -.02477417520947389
24.8 .004593717041500315 -.013753100150243567 .09075112509855486 .025697088112055472 .09075112509855486 .025697088112055472 .02067570698505067 -.02736795828461317
25 .0004523046790644648 -.013492420853104767 .09349179006478098 .011877076815252229 .09349179006478098 .011877076815252229 .018562498615203652 -.029317633689651054
25.2 -.0033235398906898772 -.012464512930515701 .09411052632278319 -.002135666604068715 .09411052632278319 -.002135666604068715 .016362440009506617 -.03116585562655544
25.4 -.006501111467061858 -.010559145310717 .09265386901607213 -.0160707246789842 .09265386901607213 -.0160707246789842 .01384146509630428 -.03344927269744128
25.6 -.00981276475120583 -.0079037742843209 .08917334255393365 -.02961217400684761 .08917334255393365 -.02961217400684761 .011170200292291543 -.03485378925497327
25.8 -.012804562721251717 -.0048716705058461035 .08370488912844026 -.042521036916657436 .08370488912844026 -.042521036916657436 .008251880009950033 -.03565762858493799
26 -.015099570723969268 -.0017444093418261166 .0763825453559326 -.05444292203186343 .0763825453559326 -.05444292203186343 .005158617268557627 -.035931583152938575
26.2 -.016525782295606955 .0015679666827467052 .06735829624936746 -.06513809021876327 .06735829624936746 -.06513809021876327 .0022918117727380683 -.03592697592058562
26.4 -.01692659418054573 .005174979173592438 .05690556935112324 -.07434868243645812 .05690556935112324 -.07434868243645812 -.000542060981774992 -.03569588449516327
26.6 -.016725924425471484 .009013514969944656 .04520650835122811 -.08189144860707195 .04520650835122811 -.08189144860707195 -.003340424012334134 -.03514159312577934
26.8 -.015505506244607259 .012632469121214795 .03250289998373973 -.08763165827695225 .03250289998373973 -.08763165827695225 -.0053684504045915455 -.03428220734219781
27 -.01357978983743392 .01601840528801561 .01910722410356283 -.09138144433321242 .01910722410356283 -.09138144433321242 -.007201623227609217 -.03353545322323167
27.2 -.010933444913451398 .018975504797620633 .0053503794002617375 -.09307512459750893 .0053503794002617375 -.09307512459750893 -.00916830865449217 -.03294817318784099
27.4 -.00751805736399273 .021206810544532967 -.008522730914236724 -.0927522109965071 -.008522730914236724 -.0927522109965071 -.011053713346406526 -.032470069621968384
27.6 -.003733048267487638 .02279636704899725 -.022176376697399365 -.09035410646562562 -.022176376697399365 -.09035410646562562 -.013247468521988685 -.031746882961306906
27.8 .00033503969610137747 .023697631704498158 -.0353195891194676 -.08598978329369993 -.0353195891194676 -.08598978329369993 -.01533026320251661 -.03101843049126704
28 .004294810685204397 .02391745390250087 -.04762865664209688 -.07970791602592715 -.04762865664209688 -.07970791602592715 -.01734737334343329 -.03016800686295898
28.2 .007903285499117927 .022978861554033357 -.058877190919531315 -.07170377694459101 -.058877190919531315 -.07170377694459101 -.01961167167584443 -.0288685353642834
28.4 .011265008078999274 .020965199569288176 -.06880606088448095 -.062127433675421714 -.06880606088448095 -.062127433675421714 -.021782136832005253 -.027139980011632286
28.6 .014254611555980236 .018304263147914876 -.07719794816813609 -.05117374812790103 -.07719794816813609 -.05117374812790103 -.02362226594454637 -.02555442332836185
28.8 .016688811350483918 .014790996440671575 -.08384754628361157 -.03911657065002711 -.08384754628361157 -.03911657065002711 -.025599727700291796 -.023573161469580457
29 .018116506721313475 .010816754791368975 -.08864605431949063 -.026241329258551174 -.08864605431949063 -.026241329258551174 -.027326643191623864 -.02105954823536529
29.2 .018455268888095858 .006297066798762822 -.09147795544999403 -.012758714937829853 -.09147795544999403 -.012758714937829853 -.02884249412645297 -.01819122130494612
29.4 .017745128540449677 .00139657190395564 -.09227382178591792 .0009180050272775361 -.09227382178591792 .0009180050272775361 -.02996724543457384 -.014973783792482563
29.6 .016246824791875922 -.003405977713092955 -.0909990896713272 .014591982894270049 -.0909990896713272 .014591982894270049 -.03057193248862932 -.011882632027909103
29.8 .013923291215006487 -.007468732271418172 -.08775247532366204 .027921032636115065 -.08775247532366204 .027921032636115065 -.03074183342560845 -.008884800370978684
30 .010824658476372491 -.010670837308754042 -.08256183500527665 .040571776996258885 -.08256183500527665 .040571776996258885 -.030302049238334915 -.0060494472439658895
30.2 .007097511695651143 -.012873046559773456 -.07556973744549 .05232696701763742 -.07556973744549 .05232696701763742 -.02945662314350394 -.0037943844008729876
30.4 .002890835049049359 -.01420890821700203 -.06689850750019755 .06286583916066328 -.06689850750019755 .06286583916066328 -.028639204573143427 -.0018670729545576413
30.6 -.0016946732710918183 -.014601988991375351 -.05674978102141791 .0720384612183898 -.05674978102141791 .0720384612183898 -.02789984659633106 -9.251973407954476e-05
30.8 -.006410788227987742 -.014331496582558771 -.04541405623897633 .07958703733474341 -.04541405623897633 .07958703733474341 -.02694701715049209 .0016906409113366038
31 -.011023718959308555 -.013202939835740415 -.03309466050662278 .08532312855972997 -.03309466050662278 .08532312855972997 -.026080359973843194 .0033918761231445096
31.2 -.015485466811809121 -.01118080129598761 -.020056664155399175 .08921622352754224 -.020056664155399175 .08921622352754224 -.025236338916298603 .004859752884840213
31.4 -.019831671522629067 -.008303902975019838 -.006625811265218708 .0910970434557449 -.006625811265218708 .0910970434557449 -.024242469106086798 .006504820646292045
31.6 -.023828936202682695 -.0047614913050931865 .006937366428161333 .09098951701648836 .006937366428161333 .09098951701648836 -.02268663782418365 .008423566004627715
31.8 -.02728499089520997 -.0009051363700067751 .020317920325115018 .08885521538256168 .020317920325115018 .08885521538256168 -.02124769241184832 .010039201520613248
32 -.029803582943499825 .003427308525640225 .03321259171158512 .08479210458746025 .03321259171158512 .08479210458746025 -.020059392595421395 .011455599884019745
32.2 -.03140868063907945 .008351334055844954 .04536138149916254 .07885400921222063 .04536138149916254 .07885400921222063 -.01841960296068753 .01309496952156175
32.4 -.03255607633510927 .013645215046401352 .05647238598868099 .07119934910383605 .05647238598868099 .07119934910383605 -.0164492851717085 .014759099475910137
32.6 -.03268616805166186 .01898563715281949 .0663518319129821 .06200411650094015 .0663518319129821 .06200411650094015 -.013861490827762623 .016172478846232963
32.8 -.03168021690604863 .02425641887801475 .07471933475073878 .05144923845092839 .07471933475073878 .05144923845092839 -.010984449297069437 .017308722472791308
33 -.029691486117824552 .029279782309898278 .08143276941087399 .039770209886559126 .08143276941087399 .039770209886559126 -.008286418142704189 .017762186643661384
33.2 -.02648630108926771 .03438074831368067 .08633239483194066 .027286777291531974 .08633239483194066 .027286777291531974 -.004853615633268289 .017851958303908667
33.4 -.022686199593023603 .03897879356811208 .08933217642401542 .014164809734198758 .08933217642401542 .014164809734198758 -.0013089196440808424 .017049830772337283
33.6 -.018290390478988387 .04286049015265844 .09035096490564655 .0008042513688347501 .09035096490564655 .0008042513688347501 .0015179195524386516 .015425495785624669
33.8 -.013407861139632936 .045881033768435525 .08938255718446765 -.012561899194539318 .08938255718446765 -.012561899194539318 .003486115242246652 .013868561587914429
34 -.008289202609385784 .04798936465614597 .08647976574023616 -.025632892415173105 .08647976574023616 -.025632892415173105 .005581447651420042 .012401912840947467
34.2 -.002975338571873865 .04921013473241787 .08165917505810528 -.038113006852379866 .08165917505810528 -.038113006852379866 .007650383375747669 .010510548710894388
34.4 .002266770457722153 .0493479660339917 .07505962845887415 -.04969972603561423 .07505962845887415 -.04969972603561423 .008718056353083327 .008534371296379335
34.6 .007338059726828146 .04875082439759868 .06684288662354679 -.06020673323039051 .06684288662354679 -.06020673323039051 .009722898153687546 .00720244760432308
34.8 .011374728577129147 .04683861174070642 .057157938600100086 -.06938745813266657 .057157938600100086 -.06938745813266657 .01037520806580895 .00472388162332344
35 .01501122302965765 .04422163704742143 .04623418015339421 -.07697702643705309 .04623418015339421 -.07697702643705309 .011213079891450706 .00297099972196966
35.2 .018055080256212667 .040782031299847234 .034324689806093135 -.0829080565614619 .034324689806093135 -.0829080565614619 .01169851101708686 .001544292712893952
35.4 .020493977713702836 .03677508500969442 .02170846300333433 -.08700319727020957 .02170846300333433 -.08700319727020957 .011698109514482144 .00021031829968491957
35.6 .02224015225027535 .03288564470836131 .00857205504467772 -.08918735197441888 .00857205504467772 -.08918735197441888 .011752917702236172 -.0010530553093088927
35.8 .023133081582739197 .029260050179149257 -.004685977119127721 -.08941376992564289 -.004685977119127721 -.08941376992564289 .012583213207974599 -.002345793120173565
36 .02314294210547879 .02572089093912684 -.01782102093391954 -.08767143623192092 -.01782102093391954 -.08767143623192092 .013303419547633404 -.004361081097577234
36.2 .022788754687099982 .022464920650008508 -.03058452110344559 -.08403028111655013 -.03058452110344559 -.08403028111655013 .013394738015909595 -.006294520909898253
36.4 .022280929623339697 .019788890194242414 -.04259845308375331 -.07855464928253456 -.04259845308375331 -.07855464928253456 .013804456153967184 -.008089313338794434
36.6 .021593049212386542 .017825269302634755 -.053717082654894166 -.07131086829474338 -.053717082654894166 -.07131086829474338 .01407842263676942 -.01105477345134211
36.8 .020545619121086954 .01657822472194252 -.06359806423756001 -.06258498006237906 -.06359806423756001 -.06258498006237906 .013057561834866846 -.01407622388741486
37 .019285126198948472 .015750997031636797 -.07208542481907927 -.052411581505385656 -.07208542481907927 -.052411581505385656 .01175480378562712 -.01630443461029564
37.2 .018030902428273286 .015226508385775396 -.07900607257726662 -.04118055017622826 -.07900607257726662 -.04118055017622826 .010348782099508454 -.018731329612627433
37.4 .0168687739638244 .015040095244292836 -.0841475934523459 -.029023632255553995 -.0841475934523459 -.029023632255553995 .00836306810130092 -.020888013115971635
37.6 .016159212266907256 .015222347352265816 -.08743709281237616 -.016284444378324874 -.08743709281237616 -.016284444378324874 .006402789688478475 -.022506983009837497
37.8 .015705955015025575 .015547764375176036 -.08875017923513605 -.0031922802941207256 -.08875017923513605 -.0031922802941207256 .0040108141724405 -.02386531729674153
38 .015542014927139088 .016269473624078493 -.08823528531440691 .009975149269007375 -.08823528531440691 .009975149269007375 .0013818690457017989 -.024260676782409247
38.2 .015494574689965087 .016862032949116583 -.0857147980120113 .02283898569188332 -.0857147980120113 .02283898569188332 -.0006568289555574905 -.024591229650490057
38.4 .015511789824746124 .017251793426565906 -.08133511936589849 .03524742250612281 -.08133511936589849 .03524742250612281 -.0031409425241158686 -.025003489357691668
38.6 .016170703041424095 .01746277077516846 -.07520390264646488 .046792097783108146 -.07520390264646488 .046792097783108146 -.005535232778048316 -.024482058698010255
38.8 .01735165084473146 .017718922454893524 -.06739167531559284 .057334532825234166 -.06739167531559284 .057334532825234166 -.007280055447596142 -.023811988423479584
39 .01876072811420683 .018288659891441184 -.05820149409454095 .06657675637231117 -.05820149409454095 .06657675637231117 -.00873471940323 -.02406376273459405
39.2 .02022875475357959 .019069281085545176 -.04772752382269754 .07437180764095937 -.04772752382269754 .07437180764095937 -.010553868436635801 -.024743198277954744
39.4 .021564741783207383 .019389737280932656 -.03619792060939531 .0805816380159932 -.03619792060939531 .0805816380159932 -.012335486975520768 -.02502490281852774
39.6 .023085330880302537 .01915900566696899 -.023953808122845314 .0849337969794043 -.023953808122845314 .0849337969794043 -.014143066836882814 -.025546304242443082
39.8 .024903461687563848 .018461245786133708 -.011174794841580396 .08747518107901033 -.011174794841580396 .08747518107901033 -.01692461482168347 -.026091519946864962
40 .026924376164948468 .01747821410008341 .0018154265121578409 .08813692424016031 .0018154265121578409 .08813692424016031 -.020622106305239904 -.026018622783217885
40.2 .027957994502112348 .015567612001198376 .014800967602319458 .08686305374067957 .014800967602319458 .08686305374067957 -.023559039864386344 -.024791362218890983
40.4 .02878215866866237 .01304405390865676 .027370967145642827 .0836921118810376 .027370967145642827 .0836921118810376 -.02693086495336359 -.02343541151470768
40.6 .029258407011052378 .009937586184562175 .039349571966485114 .07868215311514398 .039349571966485114 .07868215311514398 -.03007833505894481 -.02120221120736824
40.8 .029401215846059047 .006448139791710963 .050516360964053056 .07201100943673538 .050516360964053056 .07201100943673538 -.03298973765600691 -.018657095416699788
41 .028763054523762308 .0028101057743573406 .06051904481364267 .06375147893030664 .06051904481364267 .06375147893030664 -.03444208918512844 -.015083185756452728
41.2 .027475877827718605 -.0011515804775529897 .06919676248999578 .05415974765956948 .06919676248999578 .05415974765956948 -.03604112688963637 -.011060161505381815
41.4 .025374516663836374 -.004666251608806598 .07637533673571464 .043351973293015565 .07637533673571464 .043351973293015565 -.03693922084229693 -.007535513490401041
41.6 .021846208507200128 -.007809172418376785 .08186951192059648 .03164007482385917 .08186951192059648 .03164007482385917 -.03868902546155415 -.004045900250279822
41.8 .01812177765433784 -.010412068701595356 .08559410119379067 .01924237625679295 .08559410119379067 .01924237625679295 -.038487501218362294 .0009809434064006802
42 .014804521952053834 -.012537389272538208 .08745224527788448 .006452783454709709 .08745224527788448 .006452783454709709 -.03636994110512952 .0049109453274711196
42.2 .011562955589888301 -.013794856216223162 .08744105012029149 -.00646730203400868 .08744105012029149 -.00646730203400868 -.035670525289101654 .007250767242130981
42.4 .00850782900537299 -.013786110605074007 .08551194576809196 -.019239586475482483 .08551194576809196 -.019239586475482483 -.0348335501770747 .010563322491584697
42.6 .005121442260238344 -.012922106220544882 .08175258381519691 -.03157848713032632 .08175258381519691 -.03157848713032632 -.03228056593152835 .013265559284864364
42.8 .001793970169722437 -.011561646553590283 .07622354663719863 -.04323064200631594 .07622354663719863 -.04323064200631594 -.029973575149410008 .01473583362971606
43 -.0008889429686644147 -.009960410654107696 .06901025952908671 -.05395552773670453 .06901025952908671 -.05395552773670453 -.028721705184601678 .016850924345234754
43.2 -.002863146234611983 -.007577096649721925 .06032279847720661 -.06347815342705385 .06032279847720661 -.06347815342705385 -.027400536483040333 .018923546190964737
43.4 -.004584145532600515 -.004608211121025027 .050358387056333526 -.0716527370727706 .050358387056333526 -.0716527370727706 -.02609914653770394 .02084213400790467
43.6 -.0064426005388864595 -.0008619154809724076 .03929183942119015 -.07822513712125155 .03929183942119015 -.07822513712125155 -.023974192813811412 .023111211109030905
43.8 -.007440219299728899 .002341609867578628 .027388078234358314 -.08315454631139887 .027388078234358314 -.08315454631139887 -.021627645586625742 .02479223560672389
44 -.0077157692250979 .005010679122138251 .014898199783375686 -.0862513773417715 .014898199783375686 -.0862513773417715 -.020618171691507217 .02627643423487156
44.2 -.007202077825172076 .007777536563730489 .002077425668707676 -.08750394706942669 .002077425668707676 -.08750394706942669 -.017599496541221945 .030021620900536276
44.4 -.006203559791779793 .01015508965542959 -.010785861220352685 -.0868412017486718 -.010785861220352685 -.0868412017486718 -.013038146156949666 .032157374656368
44.6 -.004767110764539567 .012201829984006948 -.023376280513917803 -.08434930918195276 -.023376280513917803 -.08434930918195276 -.009638897990888124 .032813589342241316
44.8 -.0028930600792868434 .014106388743318992 -.03549758130030869 -.08002941411414859 -.03549758130030869 -.08002941411414859 -.006142664645110115 .03465988561807027
45 -.000876252361290815 .015575371000375312 -.04684971566612711 -.07399449992356283 -.04684971566612711 -.07399449992356283 -.0016599008173627553 .03546117213624668
45.2 .001154057635549066 .01625909440817141 -.057173044889851074 -.06632917093295636 -.057173044889851074 -.06632917093295636 .0027343339908112788 .035294240573026846
45.4 .0037649855934851297 .016064709256032286 -.06628688390942498 -.057237495564651596 -.06628688390942498 -.057237495564651596 .007328708872207776 .0348374801939868
45.6 .006832419278353946 .015238374152276789 -.07397913473998595 -.046930476614954295 -.07397913473998595 -.046930476614954295 .011134316897503696 .03297069891928231
45.8 .010050093600242074 .014326395870084468 -.08008734608623663 -.03564043641516789 -.08008734608623663 -.03564043641516789 .014187191706392084 .030788530193662702
46 .012623217099898828 .012971676454831191 -.08447053290893619 -.02350515500520573 -.08447053290893619 -.02350515500520573 .017967883618843255 .028510439461006284
46.2 .014550445429069038 .010932727830495188 -.08701809973873903 -.010915801423851838 -.08701809973873903 -.010915801423851838 .021569195516606 .02563239756180494
46.4 .01621630161983727 .007579021162027657 -.08777044185451416 .0018998317869061872 -.08777044185451416 .0018998317869061872 .023206899490396594 .023320587815118005
46.6 .017732104985025865 .004100299111043109 -.08662594834526022 .014745008610693862 -.08662594834526022 .014745008610693862 .02510571340938319 .021724252673128185
46.8 .01836684653044955 .0011040600196154215 -.08361001306568791 .0272633727855793 -.08361001306568791 .0272633727855793 .027189199044239148 .01905222966827623
47 .017516600678831026 -.0017113446930342284 -.07875977823215505 .03921670056956581 -.07875977823215505 .03921670056956581 .02915108864192532 .016708501757806186
47.2 .015481350579055553 -.00477155993867585 -.0722441736366263 .050342018326214974 -.0722441736366263 .050342018326214974 .03174376191675856 .014978103330266786
47.4 .012954072465430472 -.007758995203012829 -.06416673914541729 .06040427407934259 -.06416673914541729 .06040427407934259 .034462126505758105 .012325657657955812
47.6 .009621264683542585 -.009326910843854798 -.054692107360989235 .069177718500765 -.054692107360989235 .069177718500765 .0363000871463833 .009003536703150482
47.8 .005815974675156405 -.010267153382410304 -.04404531251592901 .07650442167075462 -.04404531251592901 .07650442167075462 .038898565729573585 .004851967042555375
48 .0015479882588035035 -.01028414956866179 -.03241604959312705 .08220877100897415 -.03241604959312705 .08220877100897415 .04099951041985727 .00020036300061500618
48.2 -.0027570997675109604 -.009404169334502171 -.020099453436802424 .08616785089389169 -.020099453436802424 .08616785089389169 .04217081221181911 -.004402567136965431
48.4 -.006439901159818504 -.007650338100487343 -.007367903909492612 .08829644655568228 -.007367903909492612 .08829644655568228 .04299490537632116 -.010250761517135686
48.6 -.010320105716695758 -.0048430793918976325 .005600115206612159 .08851820694782044 .005600115206612159 .08851820694782044 .042707355205638856 -.016265663568984557
48.8 -.013513915614610156 -.0015277711743568803 .018470510983081785 .086896922108459 .018470510983081785 .086896922108459 .041438450088365095 -.02153473599267181
49 -.015458241378427807 .00209827869604167 .03096982036094072 .08331984504517731 .03096982036094072 .08331984504517731 .03986055455376883 -.02709937620437082
49.2 -.016739443943869486 .006617478103481054 .0428373966739393 .07804995684084791 .0428373966739393 .07804995684084791 .0368194079808743 -.03323388625992949
49.4 -.017807067492502646 .011131412638001324 .05381674897315439 .07110689267078438 .05381674897315439 .07110689267078438 .0326638361827336 -.03877581470230566
49.6 -.01830672957451007 .014734776967628602 .06372986925029672 .06267091176944951 .06372986925029672 .06267091176944951 .02810720594425938 -.04303423025925979
49.8 -.018261258880713577 .01736566797136118 .0722930735785152 .052929910187617474 .0722930735785152 .052929910187617474 .022296969088260794 -.04553389033980232
50 -.017124962032971314 .018623256304129282 .07933726639832492 .041989193030537476 .07933726639832492 .041989193030537476 .015476991862809899 -.04701821692576736
