0.2 1.64084671497633E-03 -5.03534838223106E-03 -1.83760689549492E-02 2.85682624434958E-02 -1.87010365742634E-02 -0.594749807494129 -5.06331992335658E-03 4.75975463623642E-03 8.24881133665784E-03 9.44124381993179E-03 0.307252766118491 -0.556680976261636 0.784362063855738 -0.627805388429192 1 0 0 0 0 0 0 0 0 0 5.32002110863486E-04 -8.33865242714145E-04 -9.75020661102258E-03 -4.47728419612545E-04 0.107754815155613 -1.86737692477758E-02 0 0 0 0 0 0 0 0 0 0
0.4 1.02584658738336E-02 -8.80192061848964E-03 0.042413016110287 0.017066361723508 0.400318227583152 -0.709783958546164 0.031047750810994 1.17476669977542E-02 -2.11062021211889E-02 2.83060561232054E-03 0.870320178774861 1.92832376370701E-02 0.306310825960142 -0.957500439247654 1 0 0 0 0 0 0 0 0 0 7.56632300014923E-03 1.21591871956397E-03 -8.96008266030032E-05 -5.83880612701628E-03 9.97763093828254E-02 -3.07091578651788E-02 0 0 0 0 0 0 0 0 0 0
0.6 2.03016706914986E-02 8.18394162679857E-04 -8.1548996636515E-03 2.24994164663181E-02 0.834005152818762 -0.475105281249882 5.76518089659236E-02 1.71979195333093E-02 1.51339200577427E-02 -1.83529707036856E-02 0.40973819946867 0.936845698191461 -0.25461834483088 -0.973793939650717 1 0 0 0 0 0 0 0 0 0 1.14626112853285E-03 -8.02051628103637E-04 -3.39115581133339E-03 3.15949521419752E-03 9.23943989027661E-02 -4.53309691823924E-02 0 0 0 0 0 0 0 0 0 0
0.8 2.13269881330044E-02 2.01790393276157E-02 2.42161434945152E-02 2.9210635125117E-03 1.05924513452376 1.95109893003129E-02 3.25634561969799E-02 1.11742443249084E-02 -1.44079030597853E-03 0.028640778924209 -0.741767014568028 0.861995736358308 -0.733003151920743 -0.67966403676118 1 0 0 0 0 0 0 0 0 0 -5.27814905865041E-04 -1.46582832475148E-03 -4.27547986604092E-03 -5.08702418823877E-04 8.54066868836298E-02 -5.64511651770259E-02 0 0 0 0 0 0 0 0 0 0
1 -7.68740066215745E-03 3.22875178095503E-02 -1.41896483648785E-03 1.03970106646002E-02 0.92980838479001 0.647278124002554 4.86213724239183E-02 -1.51230627468352E-02 -0.026777703939593 -2.26857586316425E-02 -1.17128460200875 -0.298974374067749 -0.993707300058493 -0.15204658859077 1 0 0 0 0 0 0 0 0 0 5.20463208599757E-03 2.38980945443576E-03 2.61236865384463E-04 1.46535309775396E-03 7.69542007569091E-02 -6.86325887978656E-02 0 0 0 0 0 0 0 0 0 0
1.2 -2.43909836633687E-02 1.01185661449789E-02 2.21578941273097E-02 -6.33543113748652E-03 0.459400539473446 1.06540076338701 4.29450759204126E-02 -2.35819183156108E-02 4.38899585876824E-02 -8.93606206395894E-03 -0.228390672816014 -1.22829535629717 -0.912519344499992 0.402469756140544 1 0 0 0 0 0 0 0 0 0 4.05902861453362E-03 3.2872567896114E-03 -2.69554831858597E-03 3.72162772188474E-03 6.22834429730997E-02 -7.99980099525269E-02 0 0 0 0 0 0 0 0 0 0
1.4 -1.20857644877538E-02 -1.53508935225782E-02 0.014608677121166 -3.43827557380165E-03 -0.199140878818189 1.17317260479485 3.11314046274934E-02 -2.31373581147532E-02 -1.57657818034855E-02 3.87858716108664E-02 -1.0564183080193 0.715471809147657 0.551035793137265 -0.841113225310486 1 0 0 0 0 0 0 0 0 0 2.84252140284921E-03 1.69593032218256E-03 -3.50288719793798E-04 2.19367633953352E-03 0.048116724718963 -9.01316908891909E-02 0 0 0 0 0 0 0 0 0 0
1.6 1.22933344376866E-02 -1.36665702417142E-02 3.21393722226595E-02 -2.72282485746444E-02 -0.813803258765745 0.85192209944858 5.50967215604897E-02 -1.73356390798618E-02 -3.18808136358203E-02 -4.21836711217239E-02 1.06939470789546 0.673144240304085 -2.54290536087952E-02 1.00535324502201 1 0 0 0 0 0 0 0 0 0 4.72182379082251E-03 2.72437050460913E-03 -1.72919045326117E-03 8.23179868085959E-04 3.58504859811403E-02 -9.60967421814303E-02 0 0 0 0 0 0 0 0 0 0
1.8 1.22033164590427E-02 -3.58331072595309E-03 2.07256129808198E-03 -7.84648643606545E-03 -1.15505218464818 0.261335180877362 -4.60683163499118E-03 3.46375880530356E-03 4.31764145655329E-02 -1.50624584907939E-02 0.210795137657717 -1.25555085188899 -0.541228363717081 -0.848046067900912 1 0 0 0 0 0 0 0 0 0 2.63305815117483E-03 1.7064924902478E-03 -3.95398700870802E-03 3.63065393985451E-03 2.23666141900287E-02 -9.62676100105463E-02 0 0 0 0 0 0 0 0 0 0
2 -7.87391710319255E-03 8.23319670805453E-03 -1.71503095187717E-02 -3.58842117461912E-02 -1.06704439574041 -0.436818864259091 2.13970276386317E-02 -2.92296160060998E-02 -1.48733122702294E-02 0.048151882111071 -1.20812384897406 0.283998789805696 0.904425500121212 0.427933868779862 1 0 0 0 0 0 0 0 0 0 1.84345476728612E-03 1.77122215744562E-03 -3.08240915572407E-03 0.00238730182393 5.26153505891123E-03 -0.100877621270153 0 0 0 0 0 0 0 0 0 0
2.2 -2.86101464337921E-03 -1.73121803460499E-02 -1.24430517276665E-02 -2.5080747533419E-03 -0.616040645828562 -0.96801659749153 -8.87328587759174E-03 4.77429433230605E-03 -3.89312636024914E-02 -4.29726142911284E-02 0.694972944387906 1.01283219838822 -0.990857618667042 0.145776212844356 1 0 0 0 0 0 0 0 0 0 5.89840253267071E-03 -7.63288366991004E-04 -7.04647257964587E-04 5.05927990785256E-03 -6.55394672156476E-03 -0.100187498586487 0 0 0 0 0 0 0 0 0 0
2.4 1.90046949661708E-02 -1.81262278692197E-02 -5.08593038334544E-02 -2.54171402638016E-02 7.26434005506638E-02 -1.12521045473287 2.17501401443875E-03 1.55248985153767E-02 5.34439139398638E-02 -0.020195407551245 0.677591411683228 -0.995053347588214 0.752011896108272 -0.650100481503581 1 0 0 0 0 0 0 0 0 0 5.48764571390705E-03 4.92932407391775E-06 -4.70959635652657E-04 2.63125392070231E-03 -2.26131670097905E-02 -9.83664955678566E-02 0 0 0 0 0 0 0 0 0 0
2.6 4.38705857513753E-02 1.52029325556409E-02 1.32369194949163E-02 -9.84027054478862E-03 0.747762660819302 -0.84475043531934 -4.13325953546721E-02 -1.49558660950576E-03 -1.81447888885655E-03 5.47900209784652E-02 -1.16938498599825 -0.244098330432512 -0.24722613125529 0.962253091500161 1 0 0 0 0 0 0 0 0 0 3.68894617536784E-03 7.21461627746895E-04 -2.78767317545112E-04 3.87303910077169E-03 -3.55990937385727E-02 -9.42831600291469E-02 0 0 0 0 0 0 0 0 0 0
2.8 2.21880461593161E-02 5.59834873118774E-02 -2.72092606440562E-02 1.12796553923382E-02 1.10036688940468 -0.239160511479544 4.42344383640699E-02 9.77383240121725E-03 -4.17149934001836E-02 -3.48214931367401E-02 0.184110154430059 1.17697091122535 -0.306706003486209 -0.936133361910235 1 0 0 0 0 0 0 0 0 0 5.16280560968997E-03 6.31707084948079E-04 -2.51609924369022E-03 5.01685242541551E-03 -5.07992822557669E-02 -8.73890186435599E-02 0 0 0 0 0 0 0 0 0 0
3 -3.42683693244172E-02 5.82994779585131E-02 2.01438451866419E-02 -4.40406272100516E-04 1.03939359917047 0.466105901855911 -1.33978683018641E-02 1.87544401655999E-02 4.54694252196145E-02 -2.40255080127946E-02 1.03913502379263 -0.588291673722052 0.760677871426279 0.619058208170733 1 0 0 0 0 0 0 0 0 0 6.62130872584567E-03 3.07237396314179E-04 1.86552132981365E-03 5.20505040650227E-03 -6.39315161718795E-02 -7.91766344497529E-02 0 0 0 0 0 0 0 0 0 0
3.2 -6.49295867246972E-02 9.58662021627492E-03 -1.31476515268512E-02 4.04425593097289E-02 0.576159109368968 0.991868782835115 1.4814235901132E-03 3.02159235925021E-02 1.13070665796052E-02 4.68863151391743E-02 -0.929013435372491 -0.764849995161612 -0.969734295526976 -0.113160353265786 1 0 0 0 0 0 0 0 0 0 6.22301317412396E-03 4.41668864558096E-03 1.35686293059502E-03 4.28488386792232E-03 -7.45784581674438E-02 -6.93385701545535E-02 0 0 0 0 0 0 0 0 0 0
3.4 -4.23422162043035E-02 -3.40411299055092E-02 -1.62283862208673E-03 -2.25065009489293E-02 -0.109313325688738 1.15532938259947 2.53828712274439E-02 -4.64955121624514E-03 -3.56322554852286E-02 -9.65525781744883E-03 -0.379887906978414 1.15163875894334 0.876250003021373 -0.425317220436613 1 0 0 0 0 0 0 0 0 0 7.95344903050957E-03 -1.97825126733395E-05 2.55034294837127E-03 6.25805266735451E-03 -8.71233237919339E-02 -0.055951345613194 0 0 0 0 0 0 0 0 0 0
3.6 -6.89088706332434E-03 -4.47124110479895E-02 -6.2423980878646E-03 3.27789170722103E-02 -0.756865654597344 0.88291566147164 1.49562106520027E-02 2.43028291929205E-02 1.39404601292828E-02 -0.021054827379978 1.21268925161226 -7.29779834764522E-02 -0.507791114644494 0.829323987656852 1 0 0 0 0 0 0 0 0 0 7.20550846554336E-03 -2.17574940109087E-06 4.23140719193705E-03 6.81752831445501E-03 -9.28885518788877E-02 -0.042498607929598 0 0 0 0 0 0 0 0 0 0
3.8 4.64544886645882E-04 -2.89546648986537E-02 -3.46814735725655E-02 -3.45071679882995E-02 -1.12265398656173 0.283726993227874 1.43808984219246E-02 -0.054245185598694 2.05129292733389E-02 1.43147011301252E-02 -0.51101539595342 -1.09610411472483 -1.87812384814626E-02 -0.971645445213139 1 0 0 0 0 0 0 0 0 0 9.37296658228466E-03 2.31615481764918E-04 2.11573913868909E-03 0.006619437907331 -9.78582576197528E-02 -2.89438514958246E-02 0 0 0 0 0 0 0 0 0 0
4 1.29834113230598E-02 -2.74470199852093E-02 1.28827245386402E-02 9.34272789667887E-03 -1.0712604699039 -0.413493458315852 -2.37984937507049E-02 -0.022362573190509 -9.13396146323882E-03 2.59779371953789E-02 -0.824106827257026 0.872484755429384 0.538767382759523 0.806324699892687 1 0 0 0 0 0 0 0 0 0 8.41415503265705E-03 -3.29240174026386E-03 3.89665915325951E-03 2.61742782739736E-03 -0.099475954466144 -0.013720101970873 0 0 0 0 0 0 0 0 0 0
4.2 1.70273009532063E-02 -2.55007533036539E-02 -5.51891638182853E-02 -7.87090291061468E-03 -0.620136242256694 -0.94670281342724 -2.45928737426715E-02 -4.58203437838423E-03 -2.49601457440463E-02 -8.46074888440258E-03 1.09657020339637 0.444552910409291 -0.888044250498369 -0.388222925139397 1 0 0 0 0 0 0 0 0 0 6.84734896082296E-03 -2.86065892826738E-03 2.5238861713737E-03 4.46710728305284E-03 -0.101416100725625 -8.20442385877286E-04 0 0 0 0 0 0 0 0 0 0
4.4 4.21356170517822E-02 6.78050001116573E-03 1.45915260250992E-02 -1.69306436348573E-03 5.22444120540539E-02 -1.11266991975829 -5.03792685812721E-02 1.08086936589398E-02 2.19976661607411E-02 -0.033890601436996 1.90697522590508E-02 -1.1643470404904 0.95858160917801 -0.154418555179344 1 0 0 0 0 0 0 0 0 0 5.52227503873436E-03 -5.7577988349244E-03 4.43915971717702E-03 6.78472630245395E-03 -9.91578243151479E-02 1.82729780367883E-02 0 0 0 0 0 0 0 0 0 0
4.6 3.57156703803596E-02 3.43314022986015E-02 -0.052167756872009 4.64376820900399E-02 0.688045863957089 -0.850289638333603 -7.30089181731407E-03 0.043607334685625 4.70453180169687E-02 3.07411760784069E-02 -1.07705147813659 0.383575051664865 -0.721151741035054 0.644370948792072 1 0 0 0 0 0 0 0 0 0 1.08230670596405E-02 -5.6537325807556E-03 2.44028355373979E-03 6.84530510940489E-03 -0.095628975850788 3.15248003296692E-02 0 0 0 0 0 0 0 0 0 0
4.8 1.54619338975732E-03 5.27109029921453E-02 -1.83420556812563E-03 8.48837832594098E-03 1.04795955494428 -0.26554419357146 -5.39069991603039E-02 4.27473820453277E-02 -6.11116096647418E-02 6.76513118243761E-03 0.725793034494576 0.862879447864683 0.258419304184736 -0.933857462275966 1 0 0 0 0 0 0 0 0 0 5.80917904597831E-03 -7.85588212276286E-03 5.17284539351406E-03 3.96061159956503E-03 -9.22139083567182E-02 4.44008710932366E-02 0 0 0 0 0 0 0 0 0 0
5 -2.37513007279411E-02 2.87866525378507E-02 -4.42824367718848E-02 5.40606357133834E-02 0.9880917363314 0.413695879829901 1.81176768281294E-04 0.048863533276743 2.63069803073145E-02 -4.11666169825381E-02 0.561023640736736 -0.971585587728536 0.285135001589855 0.923720186286091 1 0 0 0 0 0 0 0 0 0 6.62684120980469E-03 -1.04903397788948E-02 5.29789091345849E-03 6.58722599159869E-03 -8.27767897172313E-02 0.056488274022321 0 0 0 0 0 0 0 0 0 0
5.2 -2.30322121724975E-02 -2.14406644047315E-02 -1.41747304244417E-02 -2.96744010679097E-02 0.544723520545621 0.927592689754543 1.95334971828804E-02 0.034386549688779 -5.62934148339143E-03 5.64185120423686E-02 -1.10600573118827 -0.193146568158878 -0.739835504549978 -0.622334606032516 1 0 0 0 0 0 0 0 0 0 7.73722599013781E-03 -9.51559081670196E-03 4.51159276240827E-03 7.02636392501512E-03 -0.074256382922915 0.069975116286479 0 0 0 0 0 0 0 0 0 0
5.4 1.44145529973003E-02 -2.53220750291681E-02 1.43485885034705E-02 4.13931861127179E-02 -0.116411845541394 1.07391956275703 5.68557828233534E-02 3.50894800526933E-02 -1.07004936927537E-02 -0.03711205399695 0.206273513453806 1.11036867342729 0.961418861903551 0.125038107840373 1 0 0 0 0 0 0 0 0 0 -5.15182409912196E-05 -1.02263529044637E-02 3.28317412650073E-03 3.31860034991698E-03 -6.27790784977701E-02 7.95230584679228E-02 0 0 0 0 0 0 0 0 0 0
5.6 4.07860852447147E-02 1.17577258511962E-03 -9.52861484866281E-03 -3.44118397236151E-02 -0.735927650949943 0.803878379020153 3.62321055672418E-02 -0.033526634303193 7.35177978986351E-02 4.34292283905567E-02 0.975374457367638 -0.590050194989659 -0.875880588315407 0.415092176434845 1 0 0 0 0 0 0 0 0 0 -4.80862722451283E-04 -7.52272772247401E-03 4.15720677797401E-03 0.001653262407912 -4.87485313814428E-02 8.84682149301063E-02 0 0 0 0 0 0 0 0 0 0
5.8 1.89672273344659E-02 4.43126389845675E-02 5.04705416275482E-02 3.37682627352631E-02 -1.07034155280545 0.219390671671443 1.20178970695256E-02 1.61571325497221E-02 -0.10143494723739 3.92198572149004E-02 -0.908642249309491 -0.701921949925582 0.510952846369762 -0.823944672516208 1 0 0 0 0 0 0 0 0 0 4.75831826673343E-04 -9.1506536776437E-03 3.35423631101096E-03 4.17852239405208E-03 -3.54332768325746E-02 9.37716990713996E-02 0 0 0 0 0 0 0 0 0 0
6 -1.01277005548682E-02 8.56106356516876E-02 -6.11001879872476E-02 1.24417962235428E-02 -0.998302845323967 -0.442722487307698 -3.31178614160163E-02 4.21465465888968E-02 1.52188758335521E-02 -0.128279586138422 -0.318650173378171 1.10250073620216 1.63874644424567E-02 0.967945708858191 1 0 0 0 0 0 0 0 0 0 -8.44486758688933E-04 -1.22159219804496E-02 9.26420475623833E-03 4.1055794109691E-03 -2.34368744289074E-02 9.68825691477847E-02 0 0 0 0 0 0 0 0 0 0
6.2 -7.58087983595267E-02 6.46152712085034E-02 -3.45599920973183E-03 6.24700534077902E-02 -0.544183148119975 -0.942500024468593 -6.97776450502214E-02 5.80007764921728E-02 0.108174065453886 5.82839826341148E-02 1.13364729210295 -9.96477871412162E-02 -0.537376660919528 -0.807067083873135 1 0 0 0 0 0 0 0 0 0 -7.63239026506988E-04 -1.22421131906388E-02 9.68869863734163E-03 1.77224157694767E-03 -5.87370997423664E-03 0.101832318732443 0 0 0 0 0 0 0 0 0 0
6.4 -0.10693462657598 1.93720735206121E-02 -8.67566804177568E-02 3.99993562864365E-02 0.110904200558031 -1.06852033194779 -0.013202261438482 2.91317243346236E-02 -6.95036263050416E-02 0.069710704477199 -0.501434774212965 -1.02114582925308 0.890659642739821 0.383886330068897 1 0 0 0 0 0 0 0 0 0 -6.16877342007346E-03 -5.70921955575946E-03 6.40801206459099E-03 1.06304166692887E-04 9.31286710594017E-03 9.99407540144157E-02 0 0 0 0 0 0 0 0 0 0
6.6 -0.111513945500955 -5.90147377614337E-02 8.66232567519927E-03 6.19909648754096E-03 0.713973060771352 -0.794628207544293 -2.90082609200336E-02 1.75905494899988E-02 -0.04549587752796 -5.04307899174426E-02 -0.765230643517871 0.821164848816246 -0.956426236503546 0.153978018496746 1 0 0 0 0 0 0 0 0 0 -5.11804041615534E-03 -1.18101235873087E-02 7.83401952320505E-03 2.09711385695926E-03 2.31963343856261E-02 9.68647833292853E-02 0 0 0 0 0 0 0 0 0 0
6.8 -4.85658351567791E-02 -0.116963830246446 -9.12789660607803E-03 0.024515449828632 1.03401562232635 -0.209524429431238 -0.013685431682319 -2.97875442522853E-04 3.39961101357773E-02 -4.82979246220847E-02 1.02632291667943 0.421556222043897 0.717640258493239 -0.650654019100393 1 0 0 0 0 0 0 0 0 0 -9.67896942638083E-03 -9.24007775130741E-03 9.20053244984427E-03 -8.66170917701392E-04 3.53283942276906E-02 9.39200322584482E-02 0 0 0 0 0 0 0 0 0 0
7 2.98409955850312E-02 -9.71178540615348E-02 7.15862674594889E-02 1.46803562381282E-02 0.940355167725798 0.441507833490265 3.53129579761609E-02 3.54254945284235E-02 7.25756407842646E-02 2.94044801488809E-02 3.40926448683233E-02 -1.09577161078699 -0.254176624106527 0.935170414931157 1 0 0 0 0 0 0 0 0 0 -8.78919343108455E-03 -3.70722008315577E-03 1.05610196754365E-02 -1.5188528370916E-03 5.20772253097133E-02 8.70486659414287E-02 0 0 0 0 0 0 0 0 0 0
7.2 5.41677552513376E-02 -5.51670268992939E-02 4.31905132282156E-02 5.62444503455362E-02 0.469311083669692 0.918219685747608 4.66803672459599E-02 6.72855551401163E-02 -5.51108933100673E-02 7.46384501263354E-02 -1.0220692075973 0.365134638104826 -0.309515225686487 -0.919523205977648 1 0 0 0 0 0 0 0 0 0 -1.19608580811746E-02 -5.50888149527749E-03 1.15336960678223E-02 1.64214589710038E-03 0.06169292068604 7.68777919272596E-02 0 0 0 0 0 0 0 0 0 0
7.4 4.73812217535934E-02 -2.64269824463252E-02 5.01027777033547E-02 0.027390262186175 -0.183949339136548 1.01688693135827 4.55202206116931E-02 1.3235634182185E-03 -5.42265548810656E-02 -7.14309298091291E-02 0.693360888395878 0.840970145222611 0.756819026523245 0.607801937327096 1 0 0 0 0 0 0 0 0 0 -1.45208312506536E-02 -6.64826750338019E-03 1.33382895018526E-02 -5.00567346465942E-05 0.072831105943852 6.75638888445923E-02 0 0 0 0 0 0 0 0 0 0
7.6 0.032636950872931 -0.02421000759586 -3.55422444705733E-02 -1.0617383343176E-03 -0.759696997288496 0.712435816568157 2.24708727262976E-02 -5.36660428075448E-02 7.08826951507943E-02 -0.025836839019776 0.552324233325237 -0.946494097856001 -0.965104174824182 -9.88431242005879E-02 1 0 0 0 0 0 0 0 0 0 -8.50791213860642E-03 -4.35150291374859E-05 1.60752151180803E-02 -3.68459392059706E-03 8.19244636617072E-02 5.40185175565873E-02 0 0 0 0 0 0 0 0 0 0
7.8 5.99592304181373E-02 8.6671256708404E-04 1.61349972080291E-02 -1.54632277682588E-02 -1.04766670176115 0.114030844466557 -3.66968382116237E-02 -2.68891530317794E-02 1.28611868284256E-03 5.67516917362704E-02 -1.09326987104252 -0.186732506195767 0.865791194696307 -0.435792037738414 1 0 0 0 0 0 0 0 0 0 -1.15538128446649E-02 2.90407869996349E-03 1.28313279707873E-02 -2.71035230109261E-03 9.25682325106383E-02 4.34133456729871E-02 0 0 0 0 0 0 0 0 0 0
8 4.64410028305103E-02 6.04713122340763E-02 -3.56167162346807E-02 1.08526650049065E-02 -0.923348920683771 -0.528177538744089 -6.73304459820991E-02 -3.03788202147065E-02 -4.65836344285427E-02 -6.00906791163441E-03 0.215735994419149 1.09543893014256 -0.485991436862616 0.835986901057629 1 0 0 0 0 0 0 0 0 0 -1.23466604884727E-02 1.68953501655258E-03 1.47371861121387E-02 -4.04529217499695E-03 9.66317516645535E-02 2.85457359860896E-02 0 0 0 0 0 0 0 0 0 0
8.2 -1.56344263303327E-02 7.56293816331085E-02 0.072795973364691 -1.08166554708447E-02 -0.43811914060009 -0.97819421972897 -3.81678520070371E-03 2.31557849390614E-02 -5.88731823969023E-03 -3.29556584267165E-02 0.95809762063872 -0.60335328375036 -3.34628297719959E-02 -0.963510246377071 1 0 0 0 0 0 0 0 0 0 -0.010767911745332 7.25380042019873E-03 1.08692896990476E-02 -5.23236782944395E-03 9.80897883145281E-02 1.49619441232391E-02 0 0 0 0 0 0 0 0 0 0
8.4 -6.67319155580095E-02 3.07323549469214E-02 2.53517605789709E-02 5.44086975039835E-02 0.20937243709001 -1.05617671057257 7.83706177754132E-02 1.60587132309208E-02 1.21773768483956E-02 1.3062548238099E-03 -0.914745262766256 -0.666818243135786 0.558045359018438 0.788605857896663 1 0 0 0 0 0 0 0 0 0 -1.33483764141187E-02 6.73409537225705E-03 1.27855947271158E-02 -6.99582235412323E-03 9.88371086116242E-02 -3.30279038064916E-03 0 0 0 0 0 0 0 0 0 0
8.6 -5.62665341281556E-02 -6.36867687807369E-02 8.32139999270896E-02 1.6469985540933E-03 0.783155113867144 -0.731882443432116 2.48964631706051E-02 4.38555117398075E-02 5.70786602660462E-03 -3.22293980132079E-02 -0.283500465098009 1.09622211558769 -0.888262331057967 -0.371183730880094 1 0 0 0 0 0 0 0 0 0 -9.65272224097464E-03 8.66079637401774E-03 1.44592109479808E-02 -8.72521961049606E-03 9.89197737256784E-02 -0.017515273705106 0 0 0 0 0 0 0 0 0 0
8.8 7.57784945001859E-02 -8.20458688982236E-02 -1.16506295324476E-02 7.79876019829585E-02 1.05371825028878 -0.135809861752448 2.73209123991165E-02 -1.37849633227458E-02 3.49588358373861E-02 -8.33767194430909E-03 1.11833241509523 -0.133802764278141 0.945710653678687 -0.179908443904671 1 0 0 0 0 0 0 0 0 0 -7.96497093349835E-03 9.59827666391887E-03 1.51010585060912E-02 -7.00508970443511E-03 9.39304142569518E-02 -3.08626831529544E-02 0 0 0 0 0 0 0 0 0 0
9 0.103219328617603 2.99566259086264E-02 1.36830184705719E-02 -4.93575281723813E-02 0.923400216803771 0.496038080289797 -6.32929847617028E-02 9.6513251869766E-03 3.96713953745681E-03 6.46351953511667E-02 -0.522572381111955 -0.980298001251896 -0.706658882810937 0.659780127909258 1 0 0 0 0 0 0 0 0 0 -5.83764736756963E-03 1.47629263645057E-02 1.34779185326459E-02 -5.3157714026691E-03 9.08849866689907E-02 -4.32399213763017E-02 0 0 0 0 0 0 0 0 0 0
9.2 2.68561760570465E-02 0.13187751799576 -4.89819006858744E-02 -1.03736110173272E-02 0.436071360633139 0.936107023923098 -1.14036268373867E-02 1.25993711093167E-02 -8.54179109551918E-02 -3.13909769976409E-02 -0.723471266686656 0.828423213317833 0.235563791784691 -0.940246457448002 1 0 0 0 0 0 0 0 0 0 -1.81265254871087E-03 1.43277607443576E-02 1.69533350220398E-02 -4.99797507626669E-03 7.99722353184015E-02 -5.97826630439436E-02 0 0 0 0 0 0 0 0 0 0
9.4 -6.48739164509534E-02 2.91826148768956E-02 -4.95736763117615E-02 -9.21748243036901E-02 -0.197718186021289 0.99431823257279 -7.03762578357896E-03 -9.09789154144188E-02 7.35013219576759E-02 -8.46681590617023E-02 1.01446934496569 0.375563448942187 0.314536777234091 0.913115118154187 1 0 0 0 0 0 0 0 0 0 -1.78109342458797E-03 1.49437032690292E-02 1.73874407569256E-02 -9.54320537266724E-03 7.01365286034846E-02 -6.93521672342212E-02 0 0 0 0 0 0 0 0 0 0
9.6 -4.01318618799135E-02 -6.41458295950833E-02 -5.72360507174623E-02 3.98143100895347E-03 -0.75844136261663 0.669353563994139 4.6269919708493E-03 -8.84835685685341E-02 0.020774544952381 0.112406656463941 2.51171395126873E-03 -1.07297155876079 -0.754182070588247 -0.599951293386041 1 0 0 0 0 0 0 0 0 0 4.10681257821935E-03 1.36836939968359E-02 1.81288626059041E-02 -1.13952864882914E-02 6.22831983962116E-02 -7.98434032296211E-02 0 0 0 0 0 0 0 0 0 0
9.8 4.21967356498041E-02 -3.50405506376842E-02 -7.82579722713927E-02 -7.46597320161316E-02 -0.998450833756178 0.085398263770332 -4.48298094776347E-02 -0.110217152075606 -8.90461750443595E-02 -2.15040741251736E-02 -1.00534337483766 0.366468645956025 0.963204609327619 9.37761720510017E-02 1 0 0 0 0 0 0 0 0 0 4.28141181824535E-03 9.44639568972553E-03 0.016368771520813 -1.14267194751254E-02 4.82799850068246E-02 -8.37291647936125E-02 0 0 0 0 0 0 0 0 0 0
10 4.95310975667305E-02 6.58993565885423E-02 -2.13703453986919E-02 3.39242791735052E-02 -0.861153051838152 -0.535626968225623 -5.91509548287674E-02 -9.66495982631284E-03 4.82893773772602E-02 -6.22872066286403E-02 0.699991840810355 0.820703793948998 -0.86117032651731 0.445900411700576 1 0 0 0 0 0 0 0 0 0 4.85461039444053E-03 1.26657362415604E-02 0.010922330544674 -1.51589739626367E-02 3.58307216649282E-02 -9.32027793386168E-02 0 0 0 0 0 0 0 0 0 0
10.2 -4.26310693942866E-02 9.62051363351464E-02 -8.73041230086438E-02 -3.06859449848079E-02 -0.376359535646869 -0.936258643720759 -2.77114301355537E-02 6.34341657636851E-03 -0.01558184843493 5.20313288084391E-02 0.521135196349336 -0.954633161451844 0.481573671375316 -0.841551697927217 1 0 0 0 0 0 0 0 0 0 4.41822577137685E-03 1.34939813054662E-02 0.013365005523338 -1.33333410512766E-02 2.33558332153575E-02 -0.100615364719106 0 0 0 0 0 0 0 0 0 0
10.4 -0.124051725512189 -1.81227180913663E-02 2.09942043845731E-04 3.10640592693104E-02 0.254075079099693 -0.991167619981222 -2.89816024357857E-02 -1.68610869810007E-02 5.97122866017551E-03 -0.035285787965393 -1.08161091164916 -0.141660496889188 4.80034626479211E-02 0.965750990128389 1 0 0 0 0 0 0 0 0 0 1.18008981757903E-02 0.012048400411874 1.29730591254259E-02 -1.28914298834736E-02 7.95051581330981E-03 -9.89520448359687E-02 0 0 0 0 0 0 0 0 0 0
10.6 -0.047730959746557 -0.110738583342308 -8.47368867432087E-02 -0.014306022179137 0.781034457229233 -0.646624208041742 3.63892321245657E-03 -4.66977948110654E-02 1.43490347670229E-02 4.15355171971962E-02 0.261319176916812 1.06466394293691 -0.567348454848184 -0.786061732867786 1 0 0 0 0 0 0 0 0 0 8.17093520947932E-03 7.30170318498145E-03 1.06775527679509E-02 -1.66802221372507E-02 -9.54080864774259E-03 -9.84053574098233E-02 0 0 0 0 0 0 0 0 0 0
10.8 7.22798516788151E-02 -0.113805194668421 1.53594905440391E-02 -6.03958974661427E-02 1.01584883058386 -7.45585324126423E-02 -1.87511086874422E-02 -5.64106137146667E-02 -0.07846341632171 4.89592273302025E-03 0.893541997449681 -0.631560242447621 0.907680902879483 0.354918996065718 1 0 0 0 0 0 0 0 0 0 1.22323068183522E-02 6.99831712740844E-03 1.25983081599406E-02 -0.016682288392882 -2.47760509195293E-02 -0.099179117205731 0 0 0 0 0 0 0 0 0 0
11 0.10381019422755 4.1545965415522E-03 -0.076623147328831 -3.62382367126581E-02 0.84845459517863 0.537390410984023 -2.48554124639962E-02 -1.09874707570377E-02 3.43841670955646E-02 -3.37903060381625E-02 -0.908630925727741 -0.594777171043134 -0.95146139410113 0.198465766919911 1 0 0 0 0 0 0 0 0 0 0.010544876033591 4.23458452495382E-03 8.21397431257605E-03 -1.61695344282077E-02 -3.89075211238464E-02 -0.092104694597927 0 0 0 0 0 0 0 0 0 0
11.2 5.77806535700201E-03 1.78055894020617E-02 3.33801630937756E-02 -6.44474467575127E-02 0.378887534765133 0.922307685103079 5.00614584592722E-02 -2.84673614938911E-02 1.61737039986363E-02 5.19376844953792E-02 -0.212038014573893 1.05207078360372 0.692682473010755 -0.684355043715339 1 0 0 0 0 0 0 0 0 0 1.51165822290305E-02 1.55277118858552E-03 1.06483518553495E-02 -1.91182612481077E-02 -4.93274205691249E-02 -0.086089527339899 0 0 0 0 0 0 0 0 0 0
11.4 -1.82263964424204E-03 -3.44137846409862E-02 -5.15702049680105E-02 6.10696256840797E-02 -0.235639257461043 0.945156088919498 8.74088264476124E-03 -3.88525038204097E-02 -1.52700435734522E-02 -7.63466300991213E-02 1.0409210880227 -0.173912285799814 -0.203622682623138 0.944131874589986 1 0 0 0 0 0 0 0 0 0 1.08739241433973E-02 -1.74932350803777E-03 1.34428131735283E-02 -2.05529017847871E-02 -6.34229179844827E-02 -0.078408652470538 0 0 0 0 0 0 0 0 0 0
11.6 5.59818578459388E-02 -0.048358344806236 -7.81802024347012E-03 -5.29805597157793E-02 -0.744350938980293 0.616709196848417 -9.71313461512067E-02 -6.91005130037944E-02 4.75447257568121E-02 7.44853203337875E-02 -0.521316441184569 -0.888528483685255 -0.339158905718276 -0.906698716137619 1 0 0 0 0 0 0 0 0 0 1.10177726696692E-02 -6.54953902142546E-04 7.06112480446254E-03 -2.11534023604432E-02 -7.36579904672786E-02 -6.52190236786673E-02 0 0 0 0 0 0 0 0 0 0
11.8 0.115308796740308 2.45503996874813E-02 -6.00461400375959E-02 0.089810413420544 -0.94187990062335 3.34755730872221E-02 -0.111697340898432 -1.41535511032561E-02 -8.10405829484981E-02 1.81762176926751E-02 -0.642384057509527 0.781904227467194 0.78281324594938 0.573001537328008 1 0 0 0 0 0 0 0 0 0 1.17705462595156E-02 -4.54378811894753E-04 8.65709246031002E-03 -2.25787535821761E-02 -8.34751965547745E-02 -5.27936175248713E-02 0 0 0 0 0 0 0 0 0 0
12 4.94215261596736E-02 0.112965594018039 -7.67659083709025E-02 -5.95118880943011E-02 -0.775313565526116 -0.530904609460891 -6.60355995405521E-02 4.47618757045341E-02 7.02502552032744E-02 -9.41928248172956E-02 0.951027926941418 0.335515189776219 -0.967531214247411 -4.81626703306788E-02 1 0 0 0 0 0 0 0 0 0 0.012805984256073 -3.04310373180662E-03 9.06471052305507E-03 -1.70409900686809E-02 -9.04431261478355E-02 -4.20210020296726E-02 0 0 0 0 0 0 0 0 0 0
12.2 -3.86868336112321E-02 7.80830856341342E-02 7.73822906231823E-03 1.85349190076829E-02 -0.2939671947777 -0.901442453000755 -2.91009751726858E-02 4.55683308771073E-02 4.68950588950127E-02 0.103420938234818 -1.27558810633342E-02 -1.00716483081323 0.825009797136713 -0.483888044219528 1 0 0 0 0 0 0 0 0 0 9.65712325100443E-03 -3.94795868608806E-03 4.89991122568926E-03 -1.86621419952157E-02 -9.76731842173258E-02 -2.84797734547685E-02 0 0 0 0 0 0 0 0 0 0
12.4 -4.35476517227101E-02 4.20018427577915E-03 -3.03972198956597E-02 -5.50826615255388E-02 0.304090896326051 -0.900474669902147 7.14682229345472E-02 -1.95015867585727E-02 -7.05269212126538E-02 -4.06816670265853E-02 -0.932200777852874 0.360476974442774 -0.423406564675313 0.849718371246079 1 0 0 0 0 0 0 0 0 0 6.78795109386199E-03 -5.56164071179221E-03 4.1731880594644E-03 -1.69556956176622E-02 -9.64116700828476E-02 -1.21795109311229E-02 0 0 0 0 0 0 0 0 0 0
12.6 -5.21539512101691E-03 3.41810044636034E-03 8.81698545390764E-02 -3.06628236553763E-02 0.781372813807271 -0.551963816568502 9.50129363241363E-04 -6.05638810166721E-02 2.82736833300061E-02 -3.51596725343575E-02 0.665770974697884 0.752926892575869 -9.79588211868492E-02 -0.93221546392036 1 0 0 0 0 0 0 0 0 0 6.08751999967394E-03 -1.48942334565704E-03 -1.02073583981338E-03 -2.10205086342503E-02 -9.98057655532049E-02 -2.77966390126762E-04 0 0 0 0 0 0 0 0 0 0
12.8 1.85464212474254E-02 5.98877181243318E-02 -1.95633843969899E-02 2.48549220236928E-02 0.968400802697263 2.31803268426075E-02 -1.33221420439549E-02 -2.45202840768423E-02 -0.032629581187243 -5.46254959222721E-03 0.467445098419454 -0.897511770440519 0.578230730040705 0.73775888204598 1 0 0 0 0 0 0 0 0 0 4.84553786823015E-03 -8.80147974836741E-04 4.04104229436368E-04 -1.49129769082169E-02 -0.097138263933546 1.76733176619871E-02 0 0 0 0 0 0 0 0 0 0
13 -5.51676899927025E-02 8.20965089280274E-02 7.38408951986834E-03 -7.02126659137452E-03 0.774350188458298 0.587307712603252 -0.066637475432538 -1.75426765640405E-02 5.72064732914825E-02 -1.43324628032508E-02 -1.00709627607645 -0.117422350650374 -0.877596676801344 -0.298699010554983 1 0 0 0 0 0 0 0 0 0 3.62575371551013E-04 -2.30410329961155E-04 1.71944280578984E-03 -1.98387404141617E-02 -9.22356504380652E-02 0.029854075677959 0 0 0 0 0 0 0 0 0 0
13.2 -0.12054244304364 -8.3248895784269E-04 -3.97813650983091E-02 0.043945031451033 0.275297005211267 0.932420828247376 -4.48272091692569E-02 0.086925389042572 -2.73219795682717E-02 0.103460398326347 0.242657811882295 0.979736553774756 0.917338621783273 -0.220413993712459 1 0 0 0 0 0 0 0 0 0 -2.31950276392296E-03 -8.67216314362932E-05 -3.72834760781339E-03 -1.69389709277227E-02 -0.086922054290014 4.48206924328719E-02 0 0 0 0 0 0 0 0 0 0
13.4 -6.11295275235432E-02 -0.067916840165142 -3.89527954140062E-03 -1.29424130270163E-02 -0.313120593826263 0.912958476122625 0.022558163665343 -0.100260933601471 -9.04567300650893E-02 -7.51613275269508E-02 0.800741154915003 -0.594766278396585 -0.645241694999174 0.66905159778155 1 0 0 0 0 0 0 0 0 0 -1.71148994823086E-03 -1.0107634321707E-03 -2.83543657473242E-03 -1.71165146130135E-02 -7.89009157264429E-02 5.64196895237241E-02 0 0 0 0 0 0 0 0 0 0
13.6 -0.006517530955339 -4.40979253488941E-02 4.33278616387703E-02 -1.65864967694569E-02 -0.793039738772361 0.539018878215046 0.012900880543893 6.20590003230653E-02 0.109108964651478 -4.54528734566745E-02 -0.843134169797184 -0.538567302512222 0.171682791982577 -0.918613599491303 1 0 0 0 0 0 0 0 0 0 -1.12028913890253E-03 2.05759539067051E-03 -4.77218499585201E-03 -1.79527161216322E-02 -7.10648219308286E-02 6.68493898351523E-02 0 0 0 0 0 0 0 0 0 0
13.8 -2.17549480417593E-02 -1.44878408361445E-02 3.82960894397271E-02 9.45422439937076E-03 -0.943111751828738 -3.20592532314221E-02 1.77695426054831E-02 -1.6097303010897E-03 3.24386134126031E-02 7.84840506272415E-02 -0.193647477898205 0.962769864587676 0.341362266942048 0.857103695355757 1 0 0 0 0 0 0 0 0 0 2.20035775782481E-03 4.36266925718696E-03 -4.72039519105187E-03 -1.12527844120921E-02 -6.06073555423524E-02 7.69383670660325E-02 0 0 0 0 0 0 0 0 0 0
14 -4.56353006689104E-02 -5.43094481922321E-02 5.05073479838307E-02 -8.32138572657182E-03 -0.726145871984716 -0.583255525718095 -8.08873929027499E-02 0.059563750750975 -3.98860431499494E-02 7.38200415513487E-03 0.946912903975068 -0.153613586127564 -0.756689043732878 -0.540389870982718 1 0 0 0 0 0 0 0 0 0 -1.10570881982886E-03 8.23387053931798E-03 -8.82051694458025E-03 -8.57102602236909E-03 -4.99656831951623E-02 0.088268639717801 0 0 0 0 0 0 0 0 0 0
14.2 2.19471816754062E-02 -0.131336567937051 4.61969297079205E-02 7.64937648348123E-02 -0.222919232159631 -0.890150060200635 0.141745854844537 8.57921961722116E-02 -3.93903837603895E-02 -2.73344586581549E-02 -0.447273997832841 -0.810981817732714 0.936222975665881 0.060774100242898 1 0 0 0 0 0 0 0 0 0 -3.19617372655023E-05 1.22029095097693E-02 -1.37719045827007E-03 -1.22783067833815E-02 -3.36671436014435E-02 9.23194933627939E-02 0 0 0 0 0 0 0 0 0 0
14.4 0.1388133933688 -9.92590147523364E-02 -2.16145795216209E-02 1.88537436438837E-02 0.35487172956004 -0.852414403157792 -7.83211528251253E-02 5.16889728782059E-02 7.50292515835452E-02 -0.068573135516137 -0.625845204704629 0.70332381514201 -0.786063766926593 0.461084035113865 1 0 0 0 0 0 0 0 0 0 -4.18300933380809E-03 1.15852053175912E-02 -1.41450617152901E-02 -1.16774379295489E-02 -2.09741229207915E-02 9.72337697688264E-02 0 0 0 0 0 0 0 0 0 0
14.6 0.183516438637633 6.66074444697115E-02 -4.26870212697772E-03 6.40860961485865E-02 0.799928087260744 -0.452827158991353 9.46078856561998E-03 -0.062909803357843 4.89813394337427E-02 0.115293012168373 0.883727370777616 0.343997978370534 0.433733604078527 -0.812617937337744 1 0 0 0 0 0 0 0 0 0 -2.68890848338836E-03 1.30041870132259E-02 -9.5736063038575E-03 -1.17706010281514E-02 -9.27193478737561E-03 0.097710409292933 0 0 0 0 0 0 0 0 0 0
14.8 6.27308976702015E-02 0.171650000343741 -7.25595951109609E-02 1.84659011993189E-04 0.922587860155319 0.097880713953487 -6.06511024848057E-02 -0.118834883066618 -0.149511916736252 0.014830622745511 1.48867106492561E-02 -0.943242277384061 7.77615642519521E-02 0.916077625758284 1 0 0 0 0 0 0 0 0 0 8.90640095274233E-04 1.70986298560503E-02 -1.22640609674056E-02 -5.59852905435199E-03 8.40878283362643E-03 9.60102839382325E-02 0 0 0 0 0 0 0 0 0 0
15 -9.68330994084086E-02 0.145990349450202 2.64713704564448E-02 1.99893545962541E-02 0.679586265359441 0.647608057999152 -5.56178774989016E-02 8.28877348245369E-02 4.96365945566792E-02 -0.144948732069625 -0.904747020424358 0.30555151072983 -0.544403841872455 -0.746849707812299 1 0 0 0 0 0 0 0 0 0 -4.55084667044914E-04 1.10795774015744E-02 -9.48047902294462E-03 -5.86942827113157E-03 2.21441947052166E-02 9.53039923248166E-02 0 0 0 0 0 0 0 0 0 0
15.2 -0.135130553597155 1.77633410327523E-02 -2.84612630083164E-02 4.76295430524826E-02 0.176899439881031 0.921928924958509 -2.00004086390929E-02 -3.10736797711466E-03 7.62377203211586E-02 0.104692840892604 0.621836360203926 0.747734616532779 0.864895370164893 0.318849389836893 1 0 0 0 0 0 0 0 0 0 3.71560294569377E-03 1.56006192847585E-02 -1.04624972992491E-02 -3.84779691548102E-03 3.58880916163975E-02 9.05840153259463E-02 0 0 0 0 0 0 0 0 0 0
15.4 -6.64460473245277E-02 -5.75308154134252E-02 4.69032464207769E-02 2.00043408810017E-02 -0.406056044792432 0.859617170900065 7.18668536484153E-02 4.27942673182495E-02 -0.107836906345988 2.90242068544837E-02 0.472006753922345 -0.860444546320869 -0.906913722414819 0.196939577209745 1 0 0 0 0 0 0 0 0 0 9.45985980282094E-03 1.47247434630659E-02 -9.4844659446659E-03 -1.66545126065477E-03 0.05014525885547 0.084167264488769 0 0 0 0 0 0 0 0 0 0
15.6 -2.07940128416325E-02 -4.19239225196043E-02 5.85931725496508E-03 9.98568084341686E-02 -0.824359362420563 0.457980878190429 0.040480709970983 -3.60719888113728E-03 0.021934586825864 -7.12849855735786E-02 -0.971677279825845 -0.13364814678559 0.650140514526809 -0.655768594499186 1 0 0 0 0 0 0 0 0 0 9.49157184095387E-03 1.40962655612384E-02 -1.13654306316694E-02 -3.73681951391523E-03 0.064528743977318 7.83376636825564E-02 0 0 0 0 0 0 0 0 0 0
15.8 -2.60759329887471E-02 -6.49424830217956E-02 1.88257599704275E-02 1.33124579347379E-02 -0.943668546411887 -0.113665218856907 -4.64195449937251E-02 -2.38589151439442E-02 2.53707298833167E-02 1.84626686240353E-02 0.233089169373067 0.95529866927853 -0.197127004104849 0.908074864159496 1 0 0 0 0 0 0 0 0 0 8.08817043649737E-03 1.30236228238449E-02 -1.29665566682946E-02 -1.12072259341107E-03 7.12480825955578E-02 6.57611695961337E-02 0 0 0 0 0 0 0 0 0 0
16 -8.49711761325597E-05 -9.97288690419217E-02 0.011943048002385 7.63167070166248E-02 -0.693921499474707 -0.629460724338727 -3.51383610121351E-02 -3.76823759569373E-02 2.67024853191255E-02 7.73588441857706E-03 0.798935030326078 -0.561723171106573 -0.320287486558319 -0.871868958336187 1 0 0 0 0 0 0 0 0 0 1.37923869958114E-02 1.48640089448375E-02 -1.56024298171064E-02 -3.35464080661911E-03 8.33915687294618E-02 5.47083275833532E-02 0 0 0 0 0 0 0 0 0 0
16.2 0.115897340760703 -8.88995681827258E-02 -2.50520774727224E-02 -4.21261014540048E-03 -0.192461419252368 -0.912055383056569 -1.23340937962373E-02 -4.53720777868713E-02 -0.04141351915208 1.61479554452083E-02 -0.805997954916611 -0.536146958506377 0.741687156748489 0.557904526726515 1 0 0 0 0 0 0 0 0 0 1.63797925296829E-02 6.28905347235233E-03 -1.46416804714283E-02 1.81536895755849E-03 9.12184273951589E-02 4.12154232610996E-02 0 0 0 0 0 0 0 0 0 0
16.4 0.157508536839286 0.026987699131042 -3.66237206253123E-02 1.76781379106444E-02 0.379170575743462 -0.835774915555457 -3.73986503791186E-02 -8.05621392281463E-02 4.24099302123112E-03 -8.94757569362736E-02 -0.20962464952083 0.93490761910545 -0.932391521709409 -6.90676104762572E-02 1 0 0 0 0 0 0 0 0 0 0.011801834790544 8.20057825745069E-03 -1.34725726669527E-02 2.3719022471944E-03 9.61629819861043E-02 2.92680526941114E-02 0 0 0 0 0 0 0 0 0 0
16.6 8.23170517274517E-02 0.132717656025165 -3.75234311343574E-02 5.76097362352691E-03 0.77814861808366 -0.440974811529809 -4.09206488547591E-02 -2.34971707558741E-02 0.104639092146878 7.44799498724888E-02 0.927836830022438 -0.126091599495296 0.824263138848358 -0.442351572085674 1 0 0 0 0 0 0 0 0 0 1.73753139935712E-02 4.42528597207866E-03 -1.09172345635972E-02 5.95947064992162E-03 9.76782328656164E-02 1.19078085826176E-02 0 0 0 0 0 0 0 0 0 0
16.8 -5.56218231851286E-02 0.14395507881347 1.12791267949573E-02 6.83941356563866E-03 0.883707616310961 0.132973345539952 -6.25861046744161E-02 4.97283297032732E-02 -0.153950870407772 6.61808700996019E-02 -0.433886985536159 -0.83010555178515 -0.44536647729628 0.827802202401827 1 0 0 0 0 0 0 0 0 0 2.00990816823727E-02 4.58938376125538E-03 -6.29866734721572E-03 7.79625364446536E-03 9.96841595720109E-02 -2.16983363748838E-03 0 0 0 0 0 0 0 0 0 0
17 -0.14406636251986 5.06472575979974E-02 2.62428827195678E-02 4.68302976266269E-02 0.625068018434091 0.622854102710358 -3.88858320918736E-02 9.59482971411944E-02 7.68295466640478E-03 -0.176978846280115 -0.628542403684461 0.683271765280637 -5.90529817972564E-02 -0.943303512402342 1 0 0 0 0 0 0 0 0 0 2.05229206252358E-02 3.53982787549023E-03 -0.010959006145402 7.07234624922922E-03 9.68123043011456E-02 -1.64845725337684E-02 0 0 0 0 0 0 0 0 0 0
17.2 -0.122953593420157 -3.01094968533467E-02 2.98997524139856E-02 -4.50687377684629E-03 0.112793710151941 0.892660476940679 -3.74957326080503E-02 7.06568759831618E-02 0.154016213537426 0.128342617752207 0.881352516193993 0.367723633270788 0.5758099038421 0.75123390471244 1 0 0 0 0 0 0 0 0 0 0.020695305433843 -1.04694862623094E-03 -1.24404205553145E-02 1.07586660677623E-02 9.14054954278843E-02 -3.17187596511746E-02 0 0 0 0 0 0 0 0 0 0
17.4 -8.55801351842474E-02 -7.63723895929724E-02 -2.71156883157472E-02 3.04093290897475E-02 -0.431328091301434 0.794602642955 -4.09027133575001E-02 -9.8344539624265E-03 -0.140154273948672 5.41872121278046E-02 1.31706221981641E-02 -0.959803204342185 -0.88590422279586 -0.32010290874646 1 0 0 0 0 0 0 0 0 0 1.49031122290247E-02 -7.49054147984596E-03 -8.2486905440136E-03 0.013026160944274 8.87705353723607E-02 -0.043594617540875 0 0 0 0 0 0 0 0 0 0
17.6 8.40613503975791E-03 -0.126286096939535 -2.28459372789358E-02 -0.02352137743391 -0.820980231669702 0.395680099744595 -0.055509405877981 -8.64342158546118E-02 6.97169088807671E-03 -0.111248130444345 -0.90147104799654 0.332123708109486 0.918340999874204 -0.209513809167414 1 0 0 0 0 0 0 0 0 0 9.41109689507006E-03 -8.84982760209908E-03 -7.37812759500967E-03 0.011010704027129 7.83414462150634E-02 -5.84186103320681E-02 0 0 0 0 0 0 0 0 0 0
17.8 8.32686799432474E-02 -0.125763007761352 -9.14288428049388E-02 1.52009212190371E-02 -0.893460914471361 -0.173891259504632 -3.45121541540109E-02 -4.13523421720459E-02 5.65671147661084E-02 2.27920619068265E-02 0.646177502717093 0.729758394593349 -0.659433135871014 0.672175075043946 1 0 0 0 0 0 0 0 0 0 1.15951652813166E-02 -1.57648933824169E-02 -4.89004118383797E-03 9.78655721614882E-03 7.06976899176292E-02 -6.81100541964861E-02 0 0 0 0 0 0 0 0 0 0
18 0.162547278067613 -4.58167242696385E-02 -4.27509484073397E-02 -0.094618922910367 -0.628475557375802 -0.650073264569542 -6.54869077930453E-02 -1.05579161080447E-02 1.50220322526517E-02 2.73322952437992E-04 0.445004980573841 -0.860972699316048 0.179951158010215 -0.926859198403245 1 0 0 0 0 0 0 0 0 0 9.85558861133774E-03 -0.011778406727292 -7.77487494000742E-03 1.33469503036399E-02 6.12419131527336E-02 -7.79178139510879E-02 0 0 0 0 0 0 0 0 0 0
18.2 0.139911974395759 9.22139659756254E-02 -4.03015829179042E-02 2.33285463083844E-02 -0.113793558105267 -0.900225253045696 1.83778991981844E-02 -1.69704577591818E-02 -0.014644996959906 6.14364871544701E-02 -0.966506286968636 -0.101713518795584 0.342915751346037 0.883503569544706 1 0 0 0 0 0 0 0 0 0 5.92666123379792E-03 -1.70021790033904E-02 -2.81692874135197E-03 0.018276303462164 5.05892672097466E-02 -8.53111280029818E-02 0 0 0 0 0 0 0 0 0 0
18.4 2.37329932701261E-02 0.136501176643964 -2.12964873030939E-02 -0.045640916547199 0.425370237449392 -0.793632514460806 -1.26988197203148E-02 -2.00336631252164E-02 -6.97732667885623E-02 -4.09528796747493E-02 0.260034831319073 0.925311169124041 -0.771685756288035 -0.54505787397994 1 0 0 0 0 0 0 0 0 0 5.83411280550556E-03 -1.85395382505949E-02 -2.68241555568937E-03 1.81230257658099E-02 3.65249447828977E-02 -9.19688232353151E-02 0 0 0 0 0 0 0 0 0 0
18.6 -0.103544583274391 7.90963493955221E-02 3.24947681966658E-02 3.81113012583979E-02 0.803267111643839 -0.379400613576916 -5.63137582079272E-02 0.031479861761186 6.93596366077831E-02 -5.78183716787233E-02 0.76054417760857 -0.570019781682473 0.947684719487422 4.26715050123013E-02 1 0 0 0 0 0 0 0 0 0 3.63403516112051E-03 -1.53400731353529E-02 4.14047461301333E-03 2.15360245313848E-02 2.21166310205654E-02 -0.096917977119823 0 0 0 0 0 0 0 0 0 0
18.8 -3.75214227436326E-02 -1.33673252179908E-02 -6.61375035244281E-02 -3.39264807283627E-02 0.864994142449282 0.164762436831229 -4.94712588943629E-02 -1.94007938259705E-02 -7.23399920424198E-03 6.53433380237028E-02 -0.793172028657663 -0.502872099336759 -0.800001950530333 0.487312237440546 1 0 0 0 0 0 0 0 0 0 -5.56041915173334E-03 -1.50367077900883E-02 -1.76625276606119E-04 0.016775129661635 5.23698007073967E-03 -9.66932335477666E-02 0 0 0 0 0 0 0 0 0 0
19 3.84348317391562E-02 1.77881035631239E-02 -7.21786362783539E-03 7.04086255896682E-03 0.590203926185213 0.651140449206272 0.033026908795679 4.22811444442561E-02 -1.60001287603877E-02 9.85467901231633E-03 -0.185178958751916 0.908338814867876 0.417483909479447 -0.84329008743659 1 0 0 0 0 0 0 0 0 0 -7.9174510005719E-03 -0.012018529442299 8.43047902344541E-03 1.72263153285022E-02 -7.73088301725498E-03 -9.78595985345734E-02 0 0 0 0 0 0 0 0 0 0
19.2 -5.46302225925937E-04 0.075471175682472 -5.58552750129001E-02 -5.64560664538715E-02 8.46757807538378E-02 0.861969823171406 7.67755871422055E-02 -4.97611907424002E-02 -5.56999079416665E-02 -1.45185284042097E-02 0.905792863984344 -0.140548314787971 0.107829961913448 0.923175612122545 1 0 0 0 0 0 0 0 0 0 -1.02636680504104E-02 -1.35448634746256E-02 1.00876919996999E-02 1.72916791523419E-02 -2.12805794458485E-02 -9.09570794825747E-02 0 0 0 0 0 0 0 0 0 0
19.4 -0.100609385735841 5.42880367368789E-02 3.02063876838833E-02 -5.68954366781454E-02 -0.449211915052178 0.747261454876041 -9.44670918708242E-03 -3.60304603299175E-02 1.12726093193788E-02 -8.27922656147649E-02 -0.445113428897479 -0.804504361750664 -0.582942279149123 -0.723602711500009 1 0 0 0 0 0 0 0 0 0 -1.18039992176588E-02 -7.85507882907634E-03 0.010016572719518 1.92298737730689E-02 -3.88972544148712E-02 -8.61693454621993E-02 0 0 0 0 0 0 0 0 0 0
19.6 -0.097771778411487 -8.64719896930902E-02 -5.56465961613842E-02 -7.08528794517588E-02 -0.807027245653681 0.324781917412046 5.50024303627964E-02 -6.30927414377937E-02 8.40255368767081E-02 5.44900381546846E-02 -0.603333134634971 0.693326732695031 0.882648251989413 0.289325018935055 1 0 0 0 0 0 0 0 0 0 -1.58840700523637E-02 -7.96828683916211E-03 1.13450070988827E-02 0.023757070643546 -4.75753974795743E-02 -8.56663839773718E-02 0 0 0 0 0 0 0 0 0 0
19.8 3.79511949203492E-02 -0.125847255128481 -2.83522838228666E-02 -9.75325483518129E-02 -0.845276122398036 -0.213014183110513 -5.02638719604894E-02 6.7764029900853E-03 -0.111928675905718 6.72395762932929E-02 0.870854903135928 0.317851918986242 -0.895694289959639 0.236900038253618 1 0 0 0 0 0 0 0 0 0 -1.45366531821164E-02 -1.87969644297052E-03 1.97604987804314E-02 1.35293370408016E-02 -5.98187115707441E-02 -7.28347614185698E-02 0 0 0 0 0 0 0 0 0 0
20 0.105785196582715 -1.64548430268442E-02 -4.12345730882196E-02 -2.47063810904653E-02 -0.548104253698521 -0.694611717712189 1.83464413556208E-02 3.70439468934719E-02 -1.80226210126739E-02 -0.12216117655364 -3.17202783597735E-02 -0.926805967438847 0.615453227837524 -0.687860992343145 1 0 0 0 0 0 0 0 0 0 -1.47728166934654E-02 1.34109350618621E-03 2.14025964688996E-02 1.47270826511816E-02 -7.25012348571418E-02 -6.33112690843741E-02 0 0 0 0 0 0 0 0 0 0
20.2 5.86872194298083E-02 6.37796438603621E-02 -1.75256517700864E-03 -4.33755806207202E-02 -2.88600062605391E-02 -0.882456885989746 -2.50254789603324E-02 -5.51065063409782E-02 7.73082615677188E-02 -0.002748568836561 -0.853737193071822 0.376054934882724 -0.139236309600305 0.918977600296455 1 0 0 0 0 0 0 0 0 0 -1.10119433960498E-02 3.44733015873951E-03 1.97214862053914E-02 1.47152045034731E-02 -8.16033093798299E-02 -5.47048704263649E-02 0 0 0 0 0 0 0 0 0 0
20.4 -0.109443189030776 3.16265316091137E-02 -3.46470277897792E-03 -0.018818146823498 0.49663511749733 -0.738872083080962 -4.33854325757291E-02 -2.76003707993752E-03 -6.66916500312625E-03 7.25999622520326E-02 0.660585953105451 0.65802595495521 -0.37453034068392 -0.841667857681825 1 0 0 0 0 0 0 0 0 0 -1.36484005159021E-02 9.94048888638186E-03 0.018892670140913 1.47136633384872E-02 -8.67892850137977E-02 -4.06648740176515E-02 0 0 0 0 0 0 0 0 0 0
20.6 -0.032362403390296 -0.1001723554386 -1.37771887475501E-02 -1.33273355658258E-02 0.830883895994861 -0.306430756070718 3.98210255088253E-03 -7.38811305841146E-02 -7.48842791364463E-02 5.34830635623092E-02 0.372998817957464 -0.852599892328839 0.771264952483536 0.511777137244258 1 0 0 0 0 0 0 0 0 0 -1.39606091226314E-02 1.21363118115215E-02 1.97940933659541E-02 1.16093960234557E-02 -9.24372506102623E-02 -2.58989767758644E-02 0 0 0 0 0 0 0 0 0 0
20.8 0.141121471639723 -8.82468718702454E-02 4.35530453662474E-03 -8.18950757968499E-03 0.851555062352162 0.234047830705085 -3.06509433740961E-02 -8.47182479782467E-03 -2.48035616555378E-02 -0.119496318834355 -0.924001753842315 -3.96531800438733E-02 -0.922587953952908 -1.65966426734635E-02 1 0 0 0 0 0 0 0 0 0 -1.32210003373684E-02 0.015609320138838 2.57754620672607E-02 1.03207671765081E-02 -9.56476125851908E-02 -1.31294194497226E-02 0 0 0 0 0 0 0 0 0 0
21 0.154846651936128 9.81950279633616E-02 5.16855284445559E-03 -4.28664308461261E-02 0.547099113537808 0.681959423921617 -0.011798486297065 -0.067411072559551 0.15931991988435 3.26773053277387E-02 0.298334313893938 0.865541528318747 0.789006343907741 -0.478028778423741 1 0 0 0 0 0 0 0 0 0 -8.02063668840263E-03 1.71616350223675E-02 3.05755339372852E-02 1.59059602504414E-02 -0.096765694584899 1.02712532697335E-03 0 0 0 0 0 0 0 0 0 0
21.2 -3.70640848486457E-03 0.216914096617384 1.84462111306306E-02 -7.44814419305428E-02 3.96790910283781E-02 0.857487135247291 3.57547590297147E-02 -9.01413533970481E-02 -8.92365914022656E-02 0.179170015765458 0.698667202751888 -0.564381725618972 -0.415654199246272 0.836577529038804 1 0 0 0 0 0 0 0 0 0 1.32941514263083E-03 2.17100179991403E-02 2.97265420377895E-02 8.89174282153656E-03 -9.75402061632455E-02 1.62213561248245E-02 0 0 0 0 0 0 0 0 0 0
21.4 -0.202389922510763 0.10232482367928 1.01764125125474E-02 -0.15852561941042 -0.46901892184766 0.694103533885125 -2.30526377746972E-02 3.8533630099986E-03 -0.130993675606605 -0.15256296736077 -0.785810905719256 -0.437655501305384 -0.112083287757961 -0.924012332151846 1 0 0 0 0 0 0 0 0 0 6.19120327841785E-03 2.10308422642056E-02 2.68149807291317E-02 7.41106949299395E-03 -8.94560292825675E-02 0.027022648543868 0 0 0 0 0 0 0 0 0 0
21.6 -0.165098583706112 -5.16272412030785E-02 6.85679086840803E-02 -6.24218851106983E-02 -0.796459868139229 0.26474447351132 -9.13605258388968E-04 -1.28519815805334E-02 0.189364029805606 -2.92310186226767E-02 -0.152214894841597 0.88126757774298 0.597038937494831 0.725743909329949 1 0 0 0 0 0 0 0 0 0 5.21507742493071E-04 2.44701425490415E-02 0.031801052226669 2.60847092616019E-03 -8.70463648039274E-02 4.12563836241178E-02 0 0 0 0 0 0 0 0 0 0
21.8 -4.42832034590666E-02 -0.105201160457146 5.38639950925865E-02 -7.86029333187637E-02 -0.80801691610911 -0.273860716106425 2.08926554608538E-02 -7.21296050276141E-03 -4.69885867328918E-02 0.156082653950578 0.872770935491437 -0.173986450279776 -0.884345345120388 -0.274891288896679 1 0 0 0 0 0 0 0 0 0 1.11535006028476E-02 0.020249088387926 3.36458646122269E-02 2.31820736341531E-03 -7.64772734471672E-02 5.18910284782533E-02 0 0 0 0 0 0 0 0 0 0
22 3.95785785744601E-02 -0.015976921292527 5.22559713922954E-02 5.65667768245704E-05 -0.491615692508432 -0.697977379606646 9.76070124675717E-02 -2.96359730173575E-02 -6.10528746684642E-02 -8.70011042033429E-02 -0.453094863130318 -0.761047745138433 0.908276044945693 -0.227077161759822 1 0 0 0 0 0 0 0 0 0 1.49741440178852E-02 2.19118350673142E-02 3.26982992661699E-02 1.73217770821065E-03 -6.71778634555406E-02 6.32589120204798E-02 0 0 0 0 0 0 0 0 0 0
22.2 -4.35630977711544E-02 1.75423059280933E-02 -1.13218037170979E-02 -3.08172512740732E-02 1.48604629125866E-02 -0.869001850223542 -3.40033713142257E-02 -7.39557286800152E-02 6.12942627960176E-02 -2.25567145157201E-02 -0.554749930441571 0.712740038715289 -0.632833205966473 0.698056113631294 1 0 0 0 0 0 0 0 0 0 1.69034537417213E-02 1.64895635307188E-02 3.93395750082304E-02 -4.02553244552912E-03 -6.09201229168969E-02 7.62319852339182E-02 0 0 0 0 0 0 0 0 0 0
22.4 -9.26629670306297E-02 -8.82468381471181E-02 0.021623469718653 -8.70919141134519E-03 0.524340827311929 -0.703222322525444 -5.47969875826641E-02 -5.62133844270854E-02 1.20885985395113E-03 -1.41225894018638E-02 0.870575253726672 0.268911179320432 0.159107515721975 -0.913155371156483 1 0 0 0 0 0 0 0 0 0 0.025416966214732 1.77821796430672E-02 4.52587459562173E-02 -1.05848742478895E-02 -4.77567548721569E-02 0.080025678716179 0 0 0 0 0 0 0 0 0 0
22.6 6.34903838931277E-03 -0.171185744581998 -8.80965329980656E-04 -6.13361454687486E-02 0.833701594609056 -0.266369082299778 -4.45038118244893E-02 2.90232268781067E-03 5.03689006602315E-02 3.41625476812252E-02 -6.11660303978967E-02 -0.915620871620786 0.371126092473477 0.874342159781959 1 0 0 0 0 0 0 0 0 0 3.18787823878753E-02 7.85264036294508E-03 0.043588971319652 -1.36897063662283E-02 -3.38642919239704E-02 9.20523537522543E-02 0 0 0 0 0 0 0 0 0 0
22.8 0.142340416443278 -0.114330927464791 8.40745772348964E-02 -8.58161629120512E-02 0.834690636418097 0.262978289412055 -4.19181117042393E-02 6.92747478170694E-02 -9.30370745423943E-02 3.76573395348497E-02 -0.829760474651286 0.405093886172937 -0.778096557982 -0.525736144227037 1 0 0 0 0 0 0 0 0 0 3.89487470653738E-02 4.56902093979036E-03 4.72199254223911E-02 -2.30361589471997E-02 -2.18531229152825E-02 9.07080037529401E-02 0 0 0 0 0 0 0 0 0 0
23 0.139386558826145 2.24425385806221E-02 3.60638342357268E-02 -5.00590480452584E-02 0.519504096529817 0.695225607208038 0.04047935834324 3.09422002275677E-02 4.44175510620341E-03 -0.146274821535761 0.671686425242292 0.625133950728985 0.944754454196983 2.03504240814105E-02 1 0 0 0 0 0 0 0 0 0 4.66846139393121E-02 -5.92596622141988E-03 5.24036427079246E-02 -2.33705800878932E-02 -6.45911336012313E-03 9.08722701308919E-02 0 0 0 0 0 0 0 0 0 0
23.2 6.95570412819035E-02 0.043105939755179 8.28721462243941E-02 -3.62714977772087E-02 6.29982795756217E-03 0.860306144996911 3.38071819479181E-02 -2.97886218604811E-02 9.91476433231038E-02 9.29883780869226E-02 0.335550748135083 -0.853853319580543 -0.8069720110399 0.501176925427935 1 0 0 0 0 0 0 0 0 0 4.57413955946468E-02 -6.80946368805112E-03 5.54490501081223E-02 -2.86399551242509E-02 7.86849480975732E-03 9.34462593954869E-02 0 0 0 0 0 0 0 0 0 0
23.4 6.86131441650363E-02 6.26172372053992E-02 4.61469695293709E-04 3.02285527169912E-02 -0.489564383904207 0.702202073558045 -0.040658941952929 4.16435369065377E-02 -0.100335980627771 3.82756977172611E-02 -0.905338366456593 7.92466111375684E-03 0.407755582535154 -0.856706805546921 1 0 0 0 0 0 0 0 0 0 3.74452193033808E-02 -7.79534376469064E-03 4.94128063761845E-02 -3.29821110606948E-02 2.05755134540623E-02 9.15084865286964E-02 0 0 0 0 0 0 0 0 0 0
23.6 8.50921220629717E-02 5.43544609805889E-02 -0.032251995511682 7.30548448117865E-03 -0.794234577363047 0.269122535158979 -0.034644186381014 -0.038510939443208 4.19341374021948E-02 -4.85747724095097E-02 0.327092138815219 0.835622173801805 0.123827871457974 0.950307669097281 1 0 0 0 0 0 0 0 0 0 3.55418737070354E-02 -7.39148827371044E-03 4.11294605017852E-02 -2.98713743705919E-02 3.51938770150524E-02 9.20010112876637E-02 0 0 0 0 0 0 0 0 0 0
23.8 3.44276536521743E-02 0.144891739635646 -0.120210523535106 7.05712810073678E-02 -0.777953252557748 -0.254316193449199 -0.072284849805308 -1.34762443142848E-02 -8.48883994133275E-03 2.45363935062095E-02 0.655161450478554 -0.599930791877941 -0.617471002820655 -0.715295881692144 1 0 0 0 0 0 0 0 0 0 3.10021660635472E-02 -0.014506187031297 3.57791924577056E-02 -3.26978193604228E-02 4.82154455899086E-02 8.38031989264334E-02 0 0 0 0 0 0 0 0 0 0
24 -9.50388403255344E-02 0.140690316263786 -7.60727054185759E-02 -2.16826738370868E-02 -0.475500209890045 -0.664019984838261 3.05380525849958E-02 -5.99799692694749E-02 2.46490053053184E-02 -7.97659011326398E-02 -0.773035380464918 -0.400577731785667 0.913038201414561 0.27269509354929 1 0 0 0 0 0 0 0 0 0 2.50999909455594E-02 -1.82946074819069E-02 3.65405385719801E-02 -2.83446369118218E-02 5.67235279689218E-02 7.30988017963509E-02 0 0 0 0 0 0 0 0 0 0
24.2 -0.157020373000046 -0.007668974699325 -5.66098303962976E-02 4.39443839127767E-02 2.56087265322776E-02 -0.820965935663384 -8.13429820558516E-02 -5.82350129065531E-02 5.05550060192276E-02 7.01314573766864E-02 -0.10711756876802 0.866389310071245 -0.912046457402523 0.268059539169809 1 0 0 0 0 0 0 0 0 0 0.021538889496736 -1.90367972952323E-02 3.67806575380055E-02 -3.22849368484376E-02 7.00391098829038E-02 6.31544868754462E-02 0 0 0 0 0 0 0 0 0 0
24.4 -0.074224890136537 -0.106894810048304 -1.57279876877448E-02 -5.48400791153602E-02 0.49830147617201 -0.646713563371714 -1.70064150525298E-02 5.56506974193068E-02 -0.109456847398374 -2.08449955857213E-02 0.851314910884343 -0.210722844347206 0.628204236437429 -0.714086504530495 1 0 0 0 0 0 0 0 0 0 1.86963721702884E-02 -1.88287765846516E-02 2.53035516883606E-02 -3.14299497713848E-02 8.04033274221207E-02 5.49803649234672E-02 0 0 0 0 0 0 0 0 0 0
24.6 3.79181646133569E-02 -7.35100895764867E-02 3.64203805939421E-02 3.03178004111906E-02 0.792544702579184 -0.227501663015248 -3.23277271797859E-02 4.27103181357711E-02 6.03346630625155E-02 -7.59422660847315E-02 -0.499232693505486 -0.735547077180792 -0.136197817929048 0.93416563907035 1 0 0 0 0 0 0 0 0 0 1.32023194703165E-02 -2.66074994965874E-02 0.031299392462485 -3.55092161656165E-02 8.52116420783108E-02 0.039940986165295 0 0 0 0 0 0 0 0 0 0
24.8 2.56858892648137E-02 3.85727886365856E-02 -0.056935506222565 -2.24774425824168E-02 0.771039128929686 0.288364672682652 3.90937377827644E-02 0.104234649882091 1.48764641465506E-02 5.94592152320113E-02 -0.503163513839483 0.726291814341314 -0.398010294421661 -0.861980328668607 1 0 0 0 0 0 0 0 0 0 7.27123965860825E-03 -2.69551139569608E-02 2.80477291176909E-02 -3.45717730867352E-02 9.15893564234042E-02 2.58353802217193E-02 0 0 0 0 0 0 0 0 0 0
25 -0.05866336836546 4.47499411516186E-02 -4.91121098462807E-02 0.044976611571589 0.456637945940383 0.684817776619742 4.60661214032682E-02 -2.29434261891982E-02 -1.26497200106639E-02 -3.07607848800673E-02 0.860966761901427 0.207795995485101 0.807894438505586 0.51724065203613 1 0 0 0 0 0 0 0 0 0 -9.48895795125069E-04 -1.98856728546852E-02 2.71464993982523E-02 -3.96318073369706E-02 9.63402490254261E-02 1.62477299249643E-02 0 0 0 0 0 0 0 0 0 0
25.2 -5.30315594483023E-02 -8.63430699032403E-02 -0.194397528959717 7.81814488582225E-02 -0.029132784292029 0.806045814532001 -9.60350906001661E-02 -2.51285242320519E-02 1.46656259654699E-02 5.59641470240649E-02 -0.13094599584603 -0.877660734538889 -0.940843689917642 1.72805478490356E-03 1 0 0 0 0 0 0 0 0 0 -4.57033341255658E-03 -2.00547046803114E-02 1.80931898137643E-02 -3.68054154711536E-02 9.26935956485001E-02 2.74389289873776E-03 0 0 0 0 0 0 0 0 0 0
25.4 5.56686337272365E-02 -0.113777121523255 -0.112932497296634 6.02037912238362E-02 -0.510097142865091 0.645780129750992 -0.079150891413666 -7.32440536738488E-02 -6.84974165800313E-02 -2.46968117771383E-02 -0.774805905922576 0.428679808730159 0.801473459457377 -0.522517192747352 1 0 0 0 0 0 0 0 0 0 -1.08050211394222E-02 -1.11707770913519E-02 2.14748779640848E-02 -4.19321903821078E-02 9.09017607214736E-02 -1.54588068048883E-02 0 0 0 0 0 0 0 0 0 0
25.6 0.107426320056699 -4.37470941710761E-03 -0.208665161993157 0.105604310256424 -0.763791664581022 0.207605085159902 -0.033433251894185 0.050906298609308 6.24805661135594E-02 -5.50128614548324E-02 0.689999503364763 0.565932163806192 -0.379631057606482 0.858647179556987 1 0 0 0 0 0 0 0 0 0 -1.77062911011708E-02 -1.25652893519145E-02 1.00524777794278E-02 -4.14684665504633E-02 9.28322189127592E-02 -2.87600602560712E-02 0 0 0 0 0 0 0 0 0 0
25.8 -7.34870896574384E-03 6.79613751376972E-02 -2.56001469991662E-02 -3.86938707507435E-02 -0.777079676382318 -0.277066121266701 -2.54633747350348E-02 4.11159612209288E-02 1.32562364651917E-02 5.41034206086519E-02 0.272565845212705 -0.840053077137317 -0.145246977791863 -0.932276584130263 1 0 0 0 0 0 0 0 0 0 -8.01398411108091E-03 -8.86344901898798E-03 1.03208359112843E-02 -4.37803904389504E-02 8.79752730711524E-02 -3.80391513557989E-02 0 0 0 0 0 0 0 0 0 0
26 -0.074977756433846 -1.62206434373768E-02 -1.63718107077041E-02 0.125659182253596 -0.45356085023988 -0.658230634910423 -4.99883833262929E-02 5.95585670278849E-02 -6.02279705467278E-03 8.63863699269549E-04 -0.874105949111066 5.25350228816858E-02 0.63314908166778 0.715797625835388 1 0 0 0 0 0 0 0 0 0 -1.61189528067083E-02 -5.14100676474262E-03 1.25423358135951E-02 -3.70279299523782E-02 0.082760680508425 -0.052860172063332 0 0 0 0 0 0 0 0 0 0
26.2 1.52690735992407E-02 -0.136115881766878 1.01465157354626E-02 -2.44818672384789E-02 3.01611044976409E-02 -0.810602375437805 -5.94180278469105E-02 2.63560950938257E-02 -1.73329312168952E-02 2.13892143358522E-02 0.359528282777077 0.790119481947527 -0.904166266771195 -0.243567867954528 1 0 0 0 0 0 0 0 0 0 -2.19884762457607E-02 -2.35417703999856E-03 3.02750163780125E-03 -4.31724247452372E-02 7.13310335412033E-02 -6.56635568327569E-02 0 0 0 0 0 0 0 0 0 0
26.4 0.143360332835272 -9.26553035720759E-02 -1.70777048840937E-02 0.162856945099859 0.484194735349139 -0.603611243877185 -0.141608684389471 0.131737937363061 -7.95879787278449E-03 -5.91266658808145E-02 0.596518475268003 -0.593377939966229 0.935674951776942 -0.288222677896468 1 0 0 0 0 0 0 0 0 0 -1.59077704335277E-02 9.43624405443737E-03 8.72868640731326E-03 -4.74081704772824E-02 5.62041295694864E-02 -7.05917434028833E-02 0 0 0 0 0 0 0 0 0 0
26.6 0.151332784776364 6.39088597783895E-02 -0.193135079527838 -7.41761898571174E-03 0.741062889459024 -0.222090995182204 1.80093237913243E-02 2.84509694249049E-02 7.41419109735125E-02 4.09427592461762E-02 -0.795781798699754 -0.351755991808351 -0.583778177243333 0.727318363724978 1 0 0 0 0 0 0 0 0 0 -2.33869761700554E-02 1.55855102406078E-03 -4.90562866308635E-03 -3.67964260104473E-02 4.59174004846874E-02 -7.92272551032563E-02 0 0 0 0 0 0 0 0 0 0
26.8 3.61003308695406E-02 0.168565686745645 -0.107831034559122 8.92912256704026E-02 0.732022803181665 0.295326164244681 -1.67918063084876E-02 -3.12278671339273E-02 -7.73429409452548E-02 7.04927642821808E-02 -5.13756462695014E-02 0.869499297134603 0.110889797173659 -0.933869135244988 1 0 0 0 0 0 0 0 0 0 -1.79791456628804E-02 9.99208265760871E-03 -2.79223953134311E-03 -4.32501633410957E-02 3.52365359793333E-02 -8.70765409199272E-02 0 0 0 0 0 0 0 0 0 0
27 -0.103628272638005 7.87932044230615E-02 -0.214096880835463 3.97685863154295E-02 0.413768035849408 0.650923289528772 4.87493421257562E-02 -6.02648494895341E-02 3.05662188358274E-03 -7.53618224944736E-02 0.832505506924359 -0.265186786206943 0.419778748610203 0.844392785347291 1 0 0 0 0 0 0 0 0 0 -1.95300677529652E-02 1.32460131073493E-02 -8.7284826876772E-03 -3.47456242902371E-02 1.89056830317696E-02 -9.26045985188148E-02 0 0 0 0 0 0 0 0 0 0
27.2 -4.44551911189046E-02 2.92408833305763E-02 5.05179757269147E-02 -1.57468074990895E-02 -6.15228032010775E-02 0.8092225518836 -0.121838016618128 -2.79349363397702E-02 2.77787626271767E-02 3.99302139434424E-02 -0.555219720964084 -0.653439429202941 -0.803666456656775 -0.491009730515064 1 0 0 0 0 0 0 0 0 0 -1.48114946397071E-02 0.023047389998021 -1.13145245681261E-02 -3.69900052781053E-02 4.5317507157927E-03 -9.25707876479111E-02 0 0 0 0 0 0 0 0 0 0
27.4 1.01264969189309E-02 2.60792489055914E-02 -2.96301048466266E-02 4.07067915906042E-02 -0.532765198320437 0.607107082057776 -6.55623928534884E-02 0.1979099888446 -4.61686887153328E-02 -2.30455765491662E-02 -0.414686176717614 0.757603752497331 0.991222262620839 -2.24917347354124E-03 1 0 0 0 0 0 0 0 0 0 -8.18468086658386E-03 1.65515736118257E-02 -6.25990233508599E-03 -0.039942962941701 -7.11357548952259E-03 -9.51691934999355E-02 0 0 0 0 0 0 0 0 0 0
27.6 -3.61405893302702E-02 4.22336433133524E-02 0.114656486457713 1.83305717216908E-02 -0.791929223416742 0.181877612389892 -0.025150584189426 0.127387306843997 3.57141752360207E-02 -1.18449127017749E-02 0.874765447808614 9.64217383596404E-02 -0.786376104547183 0.53306060302995 1 0 0 0 0 0 0 0 0 0 -7.39436523595823E-03 0.016888336651536 -1.48628031893626E-02 -3.53713853356079E-02 -1.92834851502326E-02 -9.40977268167826E-02 0 0 0 0 0 0 0 0 0 0
27.8 -7.22335897743451E-02 -2.92961048038978E-03 -1.67677981458599E-02 0.105573303394701 -0.758160065996848 -0.302673810448 2.90328366371921E-02 0.172384259860583 -3.49753798010524E-02 3.82041578959034E-02 -0.207709505527342 -0.840194826516425 0.386719162272311 -0.927677951567399 1 0 0 0 0 0 0 0 0 0 -1.34659988670196E-03 1.56312084147591E-02 -1.48928515952666E-02 -0.029556914836512 -0.03370884103412 -8.35545180404227E-02 0 0 0 0 0 0 0 0 0 0
28 2.33477425347824E-03 -5.93851284858878E-02 6.31137825564635E-03 1.53850854151178E-02 -0.439272925882867 -0.693557665275426 5.51014779523804E-02 4.9485085867472E-03 -1.34810276738346E-02 -2.30581763952514E-02 -0.692893551154309 0.519255591747008 0.195963779642894 0.983563159181242 1 0 0 0 0 0 0 0 0 0 4.07191836552733E-03 1.87463680615124E-02 -1.99368093624425E-02 -3.36857122566667E-02 -4.75569555899892E-02 -8.15161496896484E-02 0 0 0 0 0 0 0 0 0 0
28.2 6.80128078419694E-02 2.56797035468179E-03 -0.097552830857109 5.65827116358209E-02 1.97757934994231E-02 -0.815671468252299 -6.76164028418657E-02 3.21469938285746E-02 -1.94149365213233E-02 -1.49112290706897E-04 0.723948483547308 0.422836062031671 -0.680644941078745 -0.723236983750821 1 0 0 0 0 0 0 0 0 0 7.70947640882162E-03 1.93438013524088E-02 -0.016536140000418 -0.023641277522436 -5.59203378274285E-02 -7.30873004975378E-02 0 0 0 0 0 0 0 0 0 0
28.4 6.2365475253006E-03 0.107464742244525 -0.073161448424335 -3.87081890724599E-02 0.472174500102164 -0.624112325753133 8.72830674208391E-02 6.59365466271728E-02 5.96795298513898E-02 -0.062679417149667 0.151715366023958 -0.805996595564717 0.989016825035975 0.208846170056391 1 0 0 0 0 0 0 0 0 0 3.2419474106282E-03 0.017016335568 -2.21567304441783E-02 -2.99417732535491E-02 -6.39580037582238E-02 -6.26120895269674E-02 0 0 0 0 0 0 0 0 0 0
28.6 -0.150419889267719 0.126612054559986 1.02147129404257E-02 7.08653026129674E-02 0.742541563724273 -0.227642752770697 5.51587476598452E-02 7.55631940457661E-02 4.06437558596116E-02 0.143090236246694 -0.791210773225936 0.137732183855985 -0.879913789844896 0.350715688580261 1 0 0 0 0 0 0 0 0 0 1.10627023079612E-02 7.15472503453514E-03 -2.17845041105084E-02 -2.46147319111755E-02 -7.60963152216159E-02 -0.056261101227931 0 0 0 0 0 0 0 0 0 0
28.8 -0.207269907284614 -8.34498748627853E-02 0.07076437535604 2.85272185543919E-02 0.696796633208154 0.274578487667954 7.44874442053926E-02 0.153803596377599 -0.218827232754208 -2.25403495466886E-02 0.384076245478223 0.701952381658472 0.578494573847834 -0.788248147424833 1 0 0 0 0 0 0 0 0 0 9.78673005101063E-03 0.016380299720817 -2.87589163297541E-02 -2.69508972350165E-02 -8.22730836269998E-02 -4.48170883285186E-02 0 0 0 0 0 0 0 0 0 0
29 -4.56210910716213E-02 -0.224646727816668 0.151684873015452 0.111506006014171 0.385275890756756 0.629779347010138 -4.32845199469286E-02 5.24336039988732E-02 8.06920573306894E-02 -0.190030990671967 -0.480806354809044 0.633638113377452 6.34185795998258E-02 -0.934533130771038 1 0 0 0 0 0 0 0 0 0 1.15625733440187E-02 -2.42027297723727E-03 -2.57984387955355E-02 -2.08232033424485E-02 -8.89092505219189E-02 -2.57367293922852E-02 0 0 0 0 0 0 0 0 0 0
29.2 0.112713443874077 -0.144558148869449 0.110950770095662 8.64739660767994E-02 -7.38859071912829E-02 0.747685080420606 -0.106308496046988 0.211065688394019 0.130060095170156 0.158270390925229 0.732535854817209 0.244377044774409 0.442321816210665 0.855528063852154 1 0 0 0 0 0 0 0 0 0 7.49312818786065E-03 4.05924665910973E-03 -2.51408850633907E-02 -1.36066918940598E-02 -8.84999230461371E-02 -1.24356092569972E-02 0 0 0 0 0 0 0 0 0 0
29.4 9.43428377825381E-02 -2.45284409932742E-02 0.125709916879819 0.101956122809066 -0.499794154445869 0.563906628673385 2.06738813904749E-02 0.114029595769742 -0.145288456388795 5.92515071494384E-02 -3.34355700669549E-02 -0.813027102649286 -0.831484098381702 -0.459354664834619 1 0 0 0 0 0 0 0 0 0 1.30606342269621E-02 1.9208877948885E-03 -2.58328843604226E-02 -1.26009150671339E-02 -8.80386186214497E-02 -7.04160387107126E-04 0 0 0 0 0 0 0 0 0 0
29.6 2.97217550201077E-02 -3.25773443123791E-02 5.23799751260073E-02 3.54656303536767E-02 -0.752013972209902 0.174788363449936 4.78319406548742E-02 0.166126952822772 -1.38537417873775E-02 -8.50888894355038E-02 -0.738134099664528 0.325271747789501 0.954575860012323 -7.32973324803435E-02 1 0 0 0 0 0 0 0 0 0 7.75697072101636E-03 -6.46798360617768E-03 -2.81970233446629E-02 -0.01296081496435 -9.32400031252146E-02 0.016415208814103 0 0 0 0 0 0 0 0 0 0
29.8 0.085966599215609 -0.107547919883617 0.066192887917274 -2.30842636684185E-02 -0.695528103577558 -0.28029170047832 0.233855404525503 1.91405163447066E-02 0.017787521435968 -5.77052178591842E-02 0.533895182913885 0.565998683221727 -0.78941768493109 0.602991746330949 1 0 0 0 0 0 0 0 0 0 1.05755554757926E-02 -4.46876175189251E-03 -3.77484720706957E-02 -9.31275335164769E-03 -8.64951913450295E-02 2.57801557200181E-02 0 0 0 0 0 0 0 0 0 0
30 0.24216776020496 -1.44790110191347E-02 4.59268593569298E-02 -5.89567197286261E-02 -0.395053023394738 -0.656286296092505 3.07764954046286E-02 6.24790831128631E-02 0.143868206448225 -4.14232649456614E-03 0.311915853760069 -0.742704102249365 0.305892712341057 -0.87297774740213 1 0 0 0 0 0 0 0 0 0 9.13246516913164E-03 -1.05162423749064E-02 -2.90344543252798E-02 -1.42763723762704E-02 -8.35656179357286E-02 4.04314608047105E-02 0 0 0 0 0 0 0 0 0 0
30.2 0.262387267845884 0.215277330008371 0.134057042380119 -1.87191751159428E-02 0.059085391853215 -0.748599696426147 9.78540668639394E-02 0.122734836785422 -9.00722864364363E-02 0.221002978945361 -0.80422073863135 -5.17730339612774E-02 0.201182923004499 0.930505870278898 1 0 0 0 0 0 0 0 0 0 2.09968833167112E-03 -1.05879554291803E-02 -2.48601250532348E-02 -5.33477339503112E-03 -7.69925629230183E-02 5.04197149663028E-02 0 0 0 0 0 0 0 0 0 0
30.4 -1.94236911621027E-02 0.34532952471338 0.166171345701476 -4.1960840819742E-03 0.485220707684134 -0.56818229495576 -6.23620361161066E-02 0.154363655625457 -0.197382641575805 -0.172332722209531 0.27333558872062 0.736436972070427 -0.659056820939769 -0.644452772933976 1 0 0 0 0 0 0 0 0 0 -1.92238279604926E-03 -7.71052433345118E-03 -2.72989689963139E-02 -4.27841461689766E-03 -6.83453955605489E-02 5.87981109976438E-02 0 0 0 0 0 0 0 0 0 0
30.6 -0.253113847045813 0.184943332510555 0.146700288619551 0.114749390943729 0.704883396706191 -0.200532568365417 0.108959061029215 0.17714933439157 0.229813198604707 -7.78387033483508E-02 0.609872566882248 -0.488781794300311 0.931023681861113 0.232076326084285 1 0 0 0 0 0 0 0 0 0 6.89670933862962E-04 -1.64059027675356E-02 -2.69941665040424E-02 3.49139948593781E-03 -5.63974409191273E-02 7.24644185987816E-02 0 0 0 0 0 0 0 0 0 0
30.8 -0.229180685601485 -6.80705586878402E-02 0.142725900157144 0.013168976106778 0.659297603764049 0.279286580077117 -0.059632364091541 -8.87898506281372E-03 -2.22512022416452E-02 0.211691251959771 0.712250200438789 0.332841952880037 0.902140192686319 -0.291601724146278 1 0 0 0 0 0 0 0 0 0 -1.35592871795006E-02 -1.96361221278234E-03 -2.36815489333299E-02 -3.71411835752843E-03 -4.68304949250659E-02 7.70668923379795E-02 0 0 0 0 0 0 0 0 0 0
31 -0.052358456828991 -0.137520084880434 0.132230043027401 0.112143500375528 0.372529571214243 0.597923847641886 8.32461915378312E-02 9.70827286304862E-02 -0.101352982866461 -8.66329851788055E-02 8.15892779659887E-02 -0.777043197743579 -0.542734732614424 0.76012217395824 1 0 0 0 0 0 0 0 0 0 -1.99752788532562E-02 -9.75630255436223E-03 -1.50423027652824E-02 8.93020752079568E-03 -3.91341739698109E-02 8.40690271654009E-02 0 0 0 0 0 0 0 0 0 0
31.2 3.77818776893997E-02 -2.77683801507275E-02 6.50466473500421E-02 -9.89635309674976E-02 -5.81531970060771E-02 0.683737581866397 2.70386539066573E-02 6.68512149888728E-03 4.06652178055769E-02 8.8689035620705E-03 -0.734588246705206 0.178056362227648 9.10689431639169E-02 -0.918238567903004 1 0 0 0 0 0 0 0 0 0 -2.37661235643395E-02 -1.39809811344992E-02 -1.83793612505533E-02 4.87360521476662E-03 -2.75376049495145E-02 8.96044580530848E-02 0 0 0 0 0 0 0 0 0 0
31.4 -3.74856680906165E-02 0.02800547787661 0.198836795661519 -2.30805547230219E-02 -0.444988903851876 0.524222773953535 0.180481663780646 0.251012098343709 -4.64568504895453E-02 -4.00682177173025E-02 -0.425364374139993 -0.549146103537575 -0.451871326490406 -0.82411342221215 1 0 0 0 0 0 0 0 0 0 -2.17815153378048E-02 2.66342040127527E-03 -2.99171673476846E-02 6.67839773067743E-03 -1.29311863300502E-02 9.25649317684066E-02 0 0 0 0 0 0 0 0 0 0
31.6 -7.41271352377485E-02 -7.36718327147935E-02 3.72905458040428E-02 -9.15015210196111E-02 -0.658983846872257 0.124966058316884 0.217622849978725 4.64191656469985E-02 0.131576910968855 -1.65524140553453E-03 -0.426294408568004 0.594909040435066 0.79399575816301 0.474991971551524 1 0 0 0 0 0 0 0 0 0 -2.19477245345502E-02 -7.70729291295301E-03 -1.61659592781809E-02 2.04060229943919E-02 5.56774885066585E-03 9.47824201831286E-02 0 0 0 0 0 0 0 0 0 0
31.8 1.47376080070002E-02 -0.148071774396807 0.252192972430071 -1.65913935637205E-02 -0.606930012200689 -0.253462291858346 2.15252242499597E-02 0.130365234946065 -8.37660452919157E-02 0.142003834323755 0.71727011854096 0.155225087947783 -0.875987967689495 2.72473467314532E-02 1 0 0 0 0 0 0 0 0 0 -2.87875266474233E-02 3.28378228894688E-03 -1.58205097048753E-02 1.14336076373805E-02 1.45472252631348E-02 8.71310877064629E-02 0 0 0 0 0 0 0 0 0 0
32 0.117866886519284 -6.57705095846841E-02 1.67861061549384E-02 0.103230682210032 -0.341590508689916 -0.588172513771459 0.092167410394837 -8.73195892863561E-02 -4.66264483459283E-02 -0.159126531643482 -7.85590016845643E-02 -0.737865977894273 0.747668265072618 -0.578366329683458 1 0 0 0 0 0 0 0 0 0 -3.04076958798979E-02 4.60099594947089E-03 5.67629233549793E-03 1.89756804047907E-02 3.35667129216643E-02 8.55671051766055E-02 0 0 0 0 0 0 0 0 0 0
32.2 9.92056818410894E-02 7.30954184733732E-02 0.165085504154863 0.029950044095399 5.67886561347888E-02 -0.671020742121146 -0.139748665146737 8.14867397419367E-02 0.133658324042673 3.50651483755055E-02 -0.602957148481059 0.338669494605171 -0.367312300641691 0.867518006559689 1 0 0 0 0 0 0 0 0 0 -3.61144232058746E-02 1.25123212222072E-02 -4.28084540397268E-03 1.28920371294484E-02 4.17592608934312E-02 7.79888177509371E-02 0 0 0 0 0 0 0 0 0 0
32.4 -8.32057090242458E-04 8.71526593010915E-02 -0.04193526197597 0.147761762902661 0.434308330188126 -0.501670149250189 0.134274234723301 3.24621500456385E-02 -8.01169829715007E-02 5.40845556423618E-02 0.565117829611165 0.472398305380589 -0.183338939302187 -0.878864978828027 1 0 0 0 0 0 0 0 0 0 -4.01145078942029E-02 1.19114363863093E-02 4.13556608674241E-03 2.14005293540364E-02 5.74381013849691E-02 7.51915856976986E-02 0 0 0 0 0 0 0 0 0 0
32.6 -6.16643640556501E-02 6.68019035726977E-03 9.59212006527314E-02 -7.14732930758904E-02 0.650141984255019 -0.159150153482539 6.98197056372063E-02 -7.01867074373361E-02 3.54329184359215E-02 -6.27348757629183E-02 0.230671910788148 -0.684298634094452 0.63527195427279 0.688541582271974 1 0 0 0 0 0 0 0 0 0 -3.41519890550311E-02 1.64247258999815E-02 1.11739663462177E-02 2.38424028749648E-02 0.063509690633677 6.73273279963487E-02 0 0 0 0 0 0 0 0 0 0
32.8 -9.34671720386292E-03 -3.11478514869764E-02 -9.47655432332742E-03 6.47955753982252E-02 0.604916896140675 0.256132674488103 0.247151873941106 7.49614248508604E-02 -1.09697527851191E-02 6.01247540819865E-02 -0.680911172705701 1.55459699028476E-02 -0.930466660477872 -0.179532807171144 1 0 0 0 0 0 0 0 0 0 -3.53337100442358E-02 3.11595279806914E-02 1.03333036358625E-02 1.53443187059015E-02 7.80091542801451E-02 5.56862782555611E-02 0 0 0 0 0 0 0 0 0 0
33 0.044438474509372 -1.66159560590651E-02 0.122987698402388 -0.145231909298207 0.34320452615741 0.560034620755629 3.89047816427788E-02 -6.02557241259707E-02 -2.99307229186008E-02 -5.71380372730959E-02 0.28048773351794 0.640835130728605 0.91527946279506 -0.331912420177374 1 0 0 0 0 0 0 0 0 0 -2.44057126660693E-02 0.033812536882462 0.011712368054009 1.51847259051314E-02 8.62688475963365E-02 4.09464609850477E-02 0 0 0 0 0 0 0 0 0 0
33.2 -5.07765071870419E-03 1.05849676230337E-02 6.29092703971185E-02 5.91891741446071E-02 -4.59392512183867E-02 0.649531666152963 1.05555622821348E-02 0.15310355009174 0.04972724875119 1.80481535407241E-02 0.484860656492601 -0.48285906514612 -0.535865819619099 0.745047410867829 1 0 0 0 0 0 0 0 0 0 -3.17943437492831E-02 4.43061461592582E-02 5.7201579658847E-03 2.50325911979986E-02 8.40894049615094E-02 3.15815273731413E-02 0 0 0 0 0 0 0 0 0 0
33.4 -2.89463660617828E-02 -6.33494868949729E-03 7.58632834020518E-02 -0.110794090342211 -0.417409243966869 0.499475691702915 0.103423497543497 -1.98926596463243E-02 -2.65595818834558E-02 -2.53377788988721E-02 -0.625501041450304 -0.289495796635422 6.94519821844406E-02 -0.959454999410138 1 0 0 0 0 0 0 0 0 0 -4.19562831486662E-03 3.95976758729993E-02 2.27526389595103E-02 3.02381707388564E-02 0.092478952616808 1.10598933116624E-02 0 0 0 0 0 0 0 0 0 0
33.6 3.26179182969473E-02 -0.067939649223755 0.015170565341645 4.68473752350159E-02 -0.6244165184104 0.156749888942815 -1.26075094101609E-02 2.02151951095911E-02 6.69944928671127E-02 1.03894512284736E-02 -5.54191283989459E-02 0.673050596194713 0.462037548946331 0.81760574645616 1 0 0 0 0 0 0 0 0 0 -1.45250864808787E-02 4.52678111491979E-02 3.33058105143539E-02 2.40692524940186E-02 8.43570607816075E-02 8.00917328349946E-03 0 0 0 0 0 0 0 0 0 0
33.8 7.40211165649436E-02 -5.11554703323832E-03 -3.59179929709302E-02 -7.63340291459563E-02 -0.584062470595737 -0.23120066891176 0.205686299513499 -0.124208230455877 -8.06472748562355E-02 7.24859032205416E-02 0.622763497552147 -0.188760547944535 -0.853303299266254 -0.46680578081229 1 0 0 0 0 0 0 0 0 0 3.68373923311081E-03 4.44420378477911E-02 4.28396410359968E-02 2.53480867910287E-02 9.02683639492543E-02 -1.27337036613676E-03 0 0 0 0 0 0 0 0 0 0
34 0.051224986289457 8.94106882728745E-02 8.49050041392958E-03 1.20501223276607E-02 -0.326692107940884 -0.538429014587572 3.18257066661613E-02 -0.11902988428706 -1.32809519429703E-02 -0.135882415822335 -0.394340945215503 -0.53786667817577 0.979614977818695 -7.78039175722181E-02 1 0 0 0 0 0 0 0 0 0 9.82688081869057E-03 6.21040964981782E-02 5.13325785789655E-02 2.45026842077018E-02 8.24901797283326E-02 -0.020514419075769 0 0 0 0 0 0 0 0 0 0
34.2 -1.68724664679906E-02 6.65439226849339E-02 1.21055417622848E-02 -7.77612710788609E-02 5.77495058673001E-02 -0.608364295976385 0.135042852331367 6.13891302976614E-02 0.127533483833263 3.85156521277397E-02 -0.332668132933725 0.55705346331483 -0.747803253201539 0.598479265058489 1 0 0 0 0 0 0 0 0 0 3.47514805134875E-02 5.12850884704075E-02 5.80897416564272E-02 0.016484671806135 8.31940377501487E-02 -3.63320689881521E-02 0 0 0 0 0 0 0 0 0 0
34.4 -4.99008513440949E-02 -1.06091271627354E-03 0.129973782086123 5.83069992109467E-03 0.408310563915132 -0.455663023675407 5.48076132111199E-02 -3.54808986261856E-02 -7.07763400512048E-02 5.78171566816803E-02 0.655633593024432 0.120951836491126 0.329529891604311 -0.910287352218439 1 0 0 0 0 0 0 0 0 0 4.35082906515092E-02 6.95809232329295E-02 7.90366639828491E-02 2.04066626754399E-02 8.11292686752054E-02 -0.041413112889422 0 0 0 0 0 0 0 0 0 0
34.6 1.22852402660619E-03 -1.75117142262438E-02 5.15307404268243E-02 -1.96602559855466E-02 0.599247936204581 -0.130390774916886 3.32950746584157E-02 0.145576390218046 -0.019533586632247 -4.55552080132382E-02 -0.109765117939451 -0.636681568289467 0.239821010896045 0.928026856385427 1 0 0 0 0 0 0 0 0 0 4.50753580874537E-02 5.02636693344729E-02 8.09811933151338E-02 1.38430409768927E-02 0.063101524892243 -6.36239270747126E-02 0 0 0 0 0 0 0 0 0 0
34.8 2.70034689411731E-02 2.04626022922825E-02 0.15141145508692 -1.03116203762304E-02 0.559169558853147 0.242156229217243 7.47040961654572E-02 -7.61575159045405E-02 -3.74814224811712E-03 -5.69973691458657E-03 -0.560243391301883 0.345131445828049 -0.700888863341004 -0.647191298621893 1 0 0 0 0 0 0 0 0 0 4.62121773242902E-02 5.18524930413127E-02 7.78699471977252E-02 0.01857038597707 6.83937916772064E-02 -7.00880570125912E-02 0 0 0 0 0 0 0 0 0 0
35 -2.30247888688536E-02 6.25840940376251E-02 -1.29114270707785E-03 -1.73031921571158E-02 0.309357457924886 0.516128472951045 -2.91320370523251E-02 1.77779511484404E-02 5.89618225327884E-02 -5.31287342236137E-02 0.51927254139333 0.392268556534406 0.937402092702602 0.183451737647018 1 0 0 0 0 0 0 0 0 0 5.25851588870846E-02 4.97378069921501E-02 0.071740483757715 3.5972015167374E-03 5.13587022143775E-02 -7.61485737976832E-02 0 0 0 0 0 0 0 0 0 0
35.2 -8.26913646114278E-02 1.47485494035116E-02 2.71238225241081E-02 -7.61003632554033E-02 -3.76042907299887E-02 0.59535312767165 0.106872725405421 -6.44578428783525E-02 3.42146387461756E-02 0.105657566957214 0.163193928590799 -0.615799695746833 -0.870743722911921 0.35052745618563 1 0 0 0 0 0 0 0 0 0 0.045153855640164 4.56985353247952E-02 7.85797768909091E-02 8.33270715627472E-03 3.55096491864757E-02 -8.07902854947171E-02 0 0 0 0 0 0 0 0 0 0
35.4 -4.08756869225798E-02 -4.26463251901838E-02 -0.042830478957145 -3.05715878100068E-03 -0.372805690126645 0.439759589876101 8.95908401472958E-02 -1.87037433476444E-02 -0.137384869094266 -2.27145269638619E-02 -0.629656761102383 0.080715026625192 0.543088013733164 -0.783500760499485 1 0 0 0 0 0 0 0 0 0 0.055147123141288 3.74076450857154E-02 6.50146960362911E-02 -9.93113614004756E-04 2.30470981328003E-02 -8.28667740063355E-02 0 0 0 0 0 0 0 0 0 0
35.6 8.88940226208837E-03 -4.24494043842165E-02 -3.88369700951768E-02 -7.50419956538046E-02 -0.539727090100599 0.140448925114185 0.180212297839975 2.30592672334362E-03 5.88998381596284E-02 -0.09851077778594 0.278298724509285 0.521209618135769 -4.19064303835568E-02 0.943624698173905 1 0 0 0 0 0 0 0 0 0 4.10596615423619E-02 3.00205524475864E-02 6.45596337177858E-02 5.97966660683418E-03 1.55174533004773E-02 -9.46893794917334E-02 0 0 0 0 0 0 0 0 0 0
35.8 1.49128595489091E-02 4.0574151062605E-03 -3.40550590464378E-02 2.49938809705522E-02 -0.499529686662589 -0.213809706541313 -1.71954811614607E-02 -0.074988180240039 4.37163515795275E-02 6.89706868194259E-02 0.397111693792287 -0.455551967927266 -0.501412863085988 -0.840037144578404 1 0 0 0 0 0 0 0 0 0 4.28865343085916E-02 3.19738740238751E-02 6.22565630462341E-02 -6.84072061037393E-03 4.42817582268826E-03 -9.87521508839175E-02 0 0 0 0 0 0 0 0 0 0
36 -3.22117579315663E-02 -1.32252145544107E-02 -1.47903036319252E-03 8.80194875780875E-03 -0.275353056831772 -0.455079004181632 1.48686681624637E-02 -4.80132298293564E-02 -2.94558448013914E-02 9.55554153162859E-03 -0.537791504993547 -0.204272774679439 0.844744191645924 0.416738515067675 1 0 0 0 0 0 0 0 0 0 4.88688089783004E-02 3.24819879569585E-02 5.27007733272989E-02 -1.46674669772249E-02 -1.94023351222589E-02 -8.86808768308376E-02 0 0 0 0 0 0 0 0 0 0
36.2 -1.58235603549239E-02 -5.65503129364808E-02 0.039114596044383 2.22868962678326E-02 6.22628516641838E-02 -0.517543493786449 -0.117300584996467 2.70012505227486E-02 -7.30232621768663E-03 -3.40277936159105E-03 -1.18646864046819E-02 0.565312418442221 -0.948257273125972 0.13227650208051 1 0 0 0 0 0 0 0 0 0 3.67007567561318E-02 1.54548773034132E-02 4.70476352661643E-02 -1.03559666492488E-02 -3.61787356402759E-02 -8.18354707786312E-02 0 0 0 0 0 0 0 0 0 0
36.4 4.46315346587749E-02 -0.065328626380991 5.94695959811485E-03 -1.91209772889501E-02 0.35557350285945 -0.375314704440576 -2.90844528062233E-02 0.047717484084839 -1.08934512899241E-02 -4.17697366086128E-02 0.536106752131789 -0.190802376342268 0.704083584884881 -0.606281077329235 1 0 0 0 0 0 0 0 0 0 3.49442391784044E-02 2.04506428751608E-02 4.92524148417688E-02 -2.61065996886104E-02 -4.45817823416895E-02 -7.43983091002479E-02 0 0 0 0 0 0 0 0 0 0
36.6 0.075076044806468 -6.79048310350697E-04 1.91055729270885E-02 -8.17414237712367E-02 0.495768964727934 -9.10209211662488E-02 -5.39708881017663E-02 -3.09161197285483E-02 7.03775691323838E-02 2.89944912747564E-03 -0.349737808512298 -0.410733642791306 -0.321476248593417 0.867753467763263 1 0 0 0 0 0 0 0 0 0 2.83861764874625E-02 2.88326771983532E-02 4.51556683990349E-02 -1.95521262982135E-02 -5.02243626844809E-02 -6.87197505341752E-02 0 0 0 0 0 0 0 0 0 0
36.8 1.75277910059018E-02 0.050841066473831 6.98226506866639E-02 -5.74299784231794E-02 0.445224652418192 0.24891540787023 5.76049665684329E-02 0.109533567100338 -4.08411386659998E-02 6.33704388018111E-02 -0.294271579373863 0.485543843747299 -0.286679882786907 -0.914715704831054 1 0 0 0 0 0 0 0 0 0 3.98370755764614E-02 1.11149154238134E-02 5.01207034773949E-02 -2.02079849437785E-02 -6.05914796544813E-02 -6.51205462667682E-02 0 0 0 0 0 0 0 0 0 0
37 -1.17144563148924E-02 3.35087289449753E-02 -9.03400046291096E-03 -8.57402723722961E-02 0.232488640326809 0.448056511007024 -6.97004839049478E-02 -1.26868397082064E-02 -2.56750605327992E-02 -6.04993399746381E-02 0.532231103098954 8.73980076039394E-02 0.656622576914046 0.629425030602746 1 0 0 0 0 0 0 0 0 0 2.40302142187394E-02 2.52991156340401E-02 4.25531030713659E-02 -2.35986370857144E-02 -7.16637671328094E-02 -5.84324527323848E-02 0 0 0 0 0 0 0 0 0 0
37.2 -2.91211552429558E-03 -1.75132712164671E-03 2.81032724398212E-02 -1.16287224491291E-02 -0.115575859157172 0.487268786201021 -5.84743537232252E-02 0.153025322856049 4.18124220342291E-02 1.29701463967022E-02 -0.105019039977658 -0.540321450577667 -0.952735961449946 -0.167091678058968 1 0 0 0 0 0 0 0 0 0 0.022445863197275 1.24662933740152E-02 4.49387093975404E-02 -3.87733017117717E-02 -8.48407181823446E-02 -4.39659647128459E-02 0 0 0 0 0 0 0 0 0 0
37.4 2.05619779190413E-02 2.64699653879275E-02 -0.042550605768322 7.30123564651422E-02 -0.372122688915823 0.351149712475373 -0.100764426425221 -6.58969108702655E-02 -2.14803173916978E-02 7.34314120033974E-03 -0.458318149279236 0.295902720989669 0.835564976081122 -0.346013033289815 1 0 0 0 0 0 0 0 0 0 1.63506303554687E-02 4.03661469200024E-03 2.50241826936717E-02 -4.07174706546599E-02 -8.06351728740192E-02 -2.50788665577141E-02 0 0 0 0 0 0 0 0 0 0
37.6 -2.76188855117609E-02 5.88295257449947E-02 2.67109275677836E-04 0.052108353256414 -0.500047003617756 5.34804735944969E-02 -0.116391678916628 -3.07439569246293E-02 3.08088240499361E-02 -7.99937050706765E-03 0.439078606295595 0.319568047715398 -0.530746245627975 0.751248343707923 1 0 0 0 0 0 0 0 0 0 1.04887741918223E-02 5.92434654357036E-03 0.026200314601698 -3.22753057988468E-02 -7.99738109305936E-02 -1.87925020966691E-02 0 0 0 0 0 0 0 0 0 0
37.8 -8.51919394748893E-02 4.33211777250973E-03 -1.90954791557841E-02 0.111914131759304 -0.412827205040721 -0.238929884486509 -6.72328475324725E-02 -0.119964868687914 -2.71814061935648E-02 3.10901205907952E-02 0.130530096094897 -0.518487543603429 3.85129815897843E-02 -0.938078980845474 1 0 0 0 0 0 0 0 0 0 1.70169658667206E-02 2.58854904879311E-02 2.60633106177066E-02 -4.76717341752789E-02 -0.094935932725422 5.1352590292686E-03 0 0 0 0 0 0 0 0 0 0
38 -5.07586903261279E-02 -9.19613459563321E-02 -1.70490441253346E-02 -1.21772409966883E-02 -0.208841982865966 -0.440821725633034 -0.192694631826761 -4.8837042621284E-03 1.48427290132647E-02 -0.031173856215014 -0.484604309053675 5.95247001200844E-02 0.440104520095749 0.797772732606964 1 0 0 0 0 0 0 0 0 0 1.85810520505211E-02 2.83727744615635E-02 3.42431238726287E-02 -0.045057519887207 -9.36335469058422E-02 8.40665028739184E-03 0 0 0 0 0 0 0 0 0 0
38.2 7.09708858858759E-02 -7.99239020818071E-02 0.105475082116653 -6.37675873378235E-03 0.107056689625982 -0.442218624227961 -2.78158603676234E-02 0.125801013705966 2.77535552618858E-03 0.046531221881356 0.213430741408268 0.473834684540342 -0.868663040947645 -0.408026858212611 1 0 0 0 0 0 0 0 0 0 1.48712301694777E-02 1.51073691260505E-02 3.64085038590264E-02 -5.37041091880121E-02 -8.62488413305091E-02 3.28989727456393E-02 0 0 0 0 0 0 0 0 0 0
38.4 0.129936372908966 2.20865786322286E-02 2.78220265594731E-02 -1.97290009320826E-02 0.346972737395937 -0.326942350784559 -2.06309098775005E-02 0.14501605241374 -5.74465427206844E-02 -3.73983193077142E-02 0.32812917038778 -0.361849961052711 0.885845066396381 -8.07440381880436E-02 1 0 0 0 0 0 0 0 0 0 1.96908518642219E-02 1.80123635946844E-02 2.56380844742167E-02 -4.45256994188607E-02 -8.25141189070039E-02 4.23941887235244E-02 0 0 0 0 0 0 0 0 0 0
38.6 4.04735119133356E-02 0.10848119191263 8.03252787075292E-02 -1.15388067081881E-02 0.454139456567567 -4.11353489306471E-02 1.97841117872451E-02 0.146964914457133 8.56897023194833E-02 -0.01720375709476 -0.447196665455418 -0.201950139934093 -0.739232561741694 0.620794884496335 1 0 0 0 0 0 0 0 0 0 1.91313736046481E-02 7.37489330665249E-03 2.71387945913626E-02 -5.50532138434523E-02 -9.20815292300588E-02 4.42235693445807E-02 0 0 0 0 0 0 0 0 0 0
38.8 -0.063038601690363 0.086274021772113 -4.49317355304129E-02 0.116209111777498 0.383971474171626 0.206488266589527 3.59726530900596E-02 -2.96699505426281E-02 -4.11088373681042E-02 8.81656279533711E-02 -1.23116421727764E-02 0.469159259919496 0.237649486252649 -0.877184773270704 1 0 0 0 0 0 0 0 0 0 -3.52668222647179E-03 -1.7729753369382E-03 1.01461882370212E-02 -5.20862470850708E-02 -6.02379316567465E-02 6.58959381097656E-02 0 0 0 0 0 0 0 0 0 0
39 -7.94547016766508E-02 1.57394400068531E-03 -7.16488657255189E-02 0.10625618932378 0.174498696743288 0.394626391702321 -0.102220217696518 -0.072454353821404 -5.44565670660005E-02 -7.62243736937032E-02 0.429911734407551 -0.132781398625535 0.223343529019576 0.910978538076956 1 0 0 0 0 0 0 0 0 0 3.42897049467709E-02 2.76391468718965E-02 3.42025450288078E-02 -4.96598972735297E-02 -5.00853789088732E-02 6.54910131688566E-02 0 0 0 0 0 0 0 0 0 0
39.2 -1.39013172021463E-02 -2.00567017757849E-02 -4.38898272155604E-02 0.179966036632756 -8.86250758203792E-02 0.387578798822855 -1.76131060508787E-02 -1.63067169719481E-02 7.87075665387584E-02 -1.42012062885528E-02 -0.269052799556933 -0.367334618810124 -0.699211345552422 -0.593782361039479 1 0 0 0 0 0 0 0 0 0 0.019346701630352 1.97608141624886E-02 1.59253096147989E-02 -5.94722878468919E-02 -5.32202656728765E-02 8.55107762521126E-02 0 0 0 0 0 0 0 0 0 0
39.4 -4.38089384040756E-04 1.34278873288809E-02 -5.88026868195532E-03 0.128543691350297 -0.311780519373242 0.253765305644217 -6.66689026311558E-02 6.96688541140876E-02 -2.54504917562124E-03 5.11488477015737E-02 -0.244903591803562 0.374226302035338 0.880519093515928 0.141507520825947 1 0 0 0 0 0 0 0 0 0 2.12615384413899E-02 1.56185357924162E-02 -1.39421158623638E-02 -0.038581002862624 -4.52392744382084E-02 9.32961531033493E-02 0 0 0 0 0 0 0 0 0 0
39.6 -4.93803515703539E-02 6.42038338632705E-03 0.130758749688574 0.124502466256698 -0.370233458192124 2.42960592784044E-03 -9.63122231062673E-02 0.249038874026758 -2.08239546548492E-02 2.60601915185876E-03 0.406165138565327 0.123178197859456 -0.884615899468417 0.395580239497158 1 0 0 0 0 0 0 0 0 0 3.17997464640293E-02 1.42045466737611E-02 -1.15320818496842E-02 -4.40160323651527E-02 -2.37067038546958E-02 0.077721898575379 0 0 0 0 0 0 0 0 0 0
39.8 -4.86435689078835E-02 -5.98677271900267E-02 0.115514066915198 9.53361426327184E-02 -0.303040344039685 -0.236288963386397 -0.106387674457204 6.66164801356406E-02 -2.78011878202167E-02 -2.02953637396211E-02 -4.41630468275091E-02 -0.410966601588947 0.503501202891301 -0.798425436976295 1 0 0 0 0 0 0 0 0 0 2.24760746790081E-02 6.02318778564585E-03 -8.09988382682435E-03 -4.39168076192784E-02 -6.61520883629392E-03 0.09036972348056 0 0 0 0 0 0 0 0 0 0
40 4.88241659055633E-02 -0.078855973420248 0.166468471765112 7.57324839188518E-02 -5.99376485864846E-02 -0.352971661823899 -0.171331640200203 0.245539932778184 5.95481153627398E-02 -3.45879189781837E-02 -0.406422593592604 0.147254847559726 -3.97965801165276E-02 0.882834741168153 1 0 0 0 0 0 0 0 0 0 3.15780239242176E-02 2.45503328536131E-02 -1.83551299009383E-03 -1.58891095868596E-02 -2.22277162575248E-03 8.92932272201611E-02 0 0 0 0 0 0 0 0 0 0
