0.2 -5.06331992335658E-03 4.75975463623642E-03 0.307252766118491 -0.556680976261636 0.307252766118491 -0.556680976261636 8.24881133665784E-03 9.44124381993179E-03
0.4 0.031047750810994 1.17476669977542E-02 0.870320178774861 1.92832376370701E-02 0.870320178774861 1.92832376370701E-02 -2.11062021211889E-02 2.83060561232054E-03
0.6 5.76518089659236E-02 1.71979195333093E-02 0.40973819946867 0.936845698191461 0.40973819946867 0.936845698191461 1.51339200577427E-02 -1.83529707036856E-02
0.8 3.25634561969799E-02 1.11742443249084E-02 -0.741767014568028 0.861995736358308 -0.741767014568028 0.861995736358308 -1.44079030597853E-03 0.028640778924209
1 4.86213724239183E-02 -1.51230627468352E-02 -1.17128460200875 -0.298974374067749 -1.17128460200875 -0.298974374067749 -0.026777703939593 -2.26857586316425E-02
1.2 4.29450759204126E-02 -2.35819183156108E-02 -0.228390672816014 -1.22829535629717 -0.228390672816014 -1.22829535629717 4.38899585876824E-02 -8.93606206395894E-03
1.4 3.11314046274934E-02 -2.31373581147532E-02 -1.0564183080193 0.715471809147657 -1.0564183080193 0.715471809147657 -1.57657818034855E-02 3.87858716108664E-02
1.6 5.50967215604897E-02 -1.73356390798618E-02 1.06939470789546 0.673144240304085 1.06939470789546 0.673144240304085 -3.18808136358203E-02 -4.21836711217239E-02
1.8 -4.60683163499118E-03 3.46375880530356E-03 0.210795137657717 -1.25555085188899 0.210795137657717 -1.25555085188899 4.31764145655329E-02 -1.50624584907939E-02
2 2.13970276386317E-02 -2.92296160060998E-02 -1.20812384897406 0.283998789805696 -1.20812384897406 0.283998789805696 -1.48733122702294E-02 0.048151882111071
2.2 -8.87328587759174E-03 4.77429433230605E-03 0.694972944387906 1.01283219838822 0.694972944387906 1.01283219838822 -3.89312636024914E-02 -4.29726142911284E-02
2.4 2.17501401443875E-03 1.55248985153767E-02 0.677591411683228 -0.995053347588214 0.677591411683228 -0.995053347588214 5.34439139398638E-02 -0.020195407551245
2.6 -4.13325953546721E-02 -1.49558660950576E-03 -1.16938498599825 -0.244098330432512 -1.16938498599825 -0.244098330432512 -1.81447888885655E-03 5.47900209784652E-02
2.8 4.42344383640699E-02 9.77383240121725E-03 0.184110154430059 1.17697091122535 0.184110154430059 1.17697091122535 -4.17149934001836E-02 -3.48214931367401E-02
3 -1.33978683018641E-02 1.87544401655999E-02 1.03913502379263 -0.588291673722052 1.03913502379263 -0.588291673722052 4.54694252196145E-02 -2.40255080127946E-02
3.2 1.4814235901132E-03 3.02159235925021E-02 -0.929013435372491 -0.764849995161612 -0.929013435372491 -0.764849995161612 1.13070665796052E-02 4.68863151391743E-02
3.4 2.53828712274439E-02 -4.64955121624514E-03 -0.379887906978414 1.15163875894334 -0.379887906978414 1.15163875894334 -3.56322554852286E-02 -9.65525781744883E-03
3.6 1.49562106520027E-02 2.43028291929205E-02 1.21268925161226 -7.29779834764522E-02 1.21268925161226 -7.29779834764522E-02 1.39404601292828E-02 -0.021054827379978
3.8 1.43808984219246E-02 -0.054245185598694 -0.51101539595342 -1.09610411472483 -0.51101539595342 -1.09610411472483 2.05129292733389E-02 1.43147011301252E-02
4 -2.37984937507049E-02 -0.022362573190509 -0.824106827257026 0.872484755429384 -0.824106827257026 0.872484755429384 -9.13396146323882E-03 2.59779371953789E-02
4.2 -2.45928737426715E-02 -4.58203437838423E-03 1.09657020339637 0.444552910409291 1.09657020339637 0.444552910409291 -2.49601457440463E-02 -8.46074888440258E-03
4.4 -5.03792685812721E-02 1.08086936589398E-02 1.90697522590508E-02 -1.1643470404904 1.90697522590508E-02 -1.1643470404904 2.19976661607411E-02 -0.033890601436996
4.6 -7.30089181731407E-03 0.043607334685625 -1.07705147813659 0.383575051664865 -1.07705147813659 0.383575051664865 4.70453180169687E-02 3.07411760784069E-02
4.8 -5.39069991603039E-02 4.27473820453277E-02 0.725793034494576 0.862879447864683 0.725793034494576 0.862879447864683 -6.11116096647418E-02 6.76513118243761E-03
5 1.81176768281294E-04 0.048863533276743 0.561023640736736 -0.971585587728536 0.561023640736736 -0.971585587728536 2.63069803073145E-02 -4.11666169825381E-02
5.2 1.95334971828804E-02 0.034386549688779 -1.10600573118827 -0.193146568158878 -1.10600573118827 -0.193146568158878 -5.62934148339143E-03 5.64185120423686E-02
5.4 5.68557828233534E-02 3.50894800526933E-02 0.206273513453806 1.11036867342729 0.206273513453806 1.11036867342729 -1.07004936927537E-02 -0.03711205399695
5.6 3.62321055672418E-02 -0.033526634303193 0.975374457367638 -0.590050194989659 0.975374457367638 -0.590050194989659 7.35177978986351E-02 4.34292283905567E-02
5.8 1.20178970695256E-02 1.61571325497221E-02 -0.908642249309491 -0.701921949925582 -0.908642249309491 -0.701921949925582 -0.10143494723739 3.92198572149004E-02
6 -3.31178614160163E-02 4.21465465888968E-02 -0.318650173378171 1.10250073620216 -0.318650173378171 1.10250073620216 1.52188758335521E-02 -0.128279586138422
6.2 -6.97776450502214E-02 5.80007764921728E-02 1.13364729210295 -9.96477871412162E-02 1.13364729210295 -9.96477871412162E-02 0.108174065453886 5.82839826341148E-02
6.4 -0.013202261438482 2.91317243346236E-02 -0.501434774212965 -1.02114582925308 -0.501434774212965 -1.02114582925308 -6.95036263050416E-02 0.069710704477199
6.6 -2.90082609200336E-02 1.75905494899988E-02 -0.765230643517871 0.821164848816246 -0.765230643517871 0.821164848816246 -0.04549587752796 -5.04307899174426E-02
6.8 -0.013685431682319 -2.97875442522853E-04 1.02632291667943 0.421556222043897 1.02632291667943 0.421556222043897 3.39961101357773E-02 -4.82979246220847E-02
7 3.53129579761609E-02 3.54254945284235E-02 3.40926448683233E-02 -1.09577161078699 3.40926448683233E-02 -1.09577161078699 7.25756407842646E-02 2.94044801488809E-02
7.2 4.66803672459599E-02 6.72855551401163E-02 -1.0220692075973 0.365134638104826 -1.0220692075973 0.365134638104826 -5.51108933100673E-02 7.46384501263354E-02
7.4 4.55202206116931E-02 1.3235634182185E-03 0.693360888395878 0.840970145222611 0.693360888395878 0.840970145222611 -5.42265548810656E-02 -7.14309298091291E-02
7.6 2.24708727262976E-02 -5.36660428075448E-02 0.552324233325237 -0.946494097856001 0.552324233325237 -0.946494097856001 7.08826951507943E-02 -0.025836839019776
7.8 -3.66968382116237E-02 -2.68891530317794E-02 -1.09326987104252 -0.186732506195767 -1.09326987104252 -0.186732506195767 1.28611868284256E-03 5.67516917362704E-02
8 -6.73304459820991E-02 -3.03788202147065E-02 0.215735994419149 1.09543893014256 0.215735994419149 1.09543893014256 -4.65836344285427E-02 -6.00906791163441E-03
8.2 -3.81678520070371E-03 2.31557849390614E-02 0.95809762063872 -0.60335328375036 0.95809762063872 -0.60335328375036 -5.88731823969023E-03 -3.29556584267165E-02
8.4 7.83706177754132E-02 1.60587132309208E-02 -0.914745262766256 -0.666818243135786 -0.914745262766256 -0.666818243135786 1.21773768483956E-02 1.3062548238099E-03
8.6 2.48964631706051E-02 4.38555117398075E-02 -0.283500465098009 1.09622211558769 -0.283500465098009 1.09622211558769 5.70786602660462E-03 -3.22293980132079E-02
8.8 2.73209123991165E-02 -1.37849633227458E-02 1.11833241509523 -0.133802764278141 1.11833241509523 -0.133802764278141 3.49588358373861E-02 -8.33767194430909E-03
9 -6.32929847617028E-02 9.6513251869766E-03 -0.522572381111955 -0.980298001251896 -0.522572381111955 -0.980298001251896 3.96713953745681E-03 6.46351953511667E-02
9.2 -1.14036268373867E-02 1.25993711093167E-02 -0.723471266686656 0.828423213317833 -0.723471266686656 0.828423213317833 -8.54179109551918E-02 -3.13909769976409E-02
9.4 -7.03762578357896E-03 -9.09789154144188E-02 1.01446934496569 0.375563448942187 1.01446934496569 0.375563448942187 7.35013219576759E-02 -8.46681590617023E-02
9.6 4.6269919708493E-03 -8.84835685685341E-02 2.51171395126873E-03 -1.07297155876079 2.51171395126873E-03 -1.07297155876079 0.020774544952381 0.112406656463941
9.8 -4.48298094776347E-02 -0.110217152075606 -1.00534337483766 0.366468645956025 -1.00534337483766 0.366468645956025 -8.90461750443595E-02 -2.15040741251736E-02
10 -5.91509548287674E-02 -9.66495982631284E-03 0.699991840810355 0.820703793948998 0.699991840810355 0.820703793948998 4.82893773772602E-02 -6.22872066286403E-02
10.2 -2.77114301355537E-02 6.34341657636851E-03 0.521135196349336 -0.954633161451844 0.521135196349336 -0.954633161451844 -0.01558184843493 5.20313288084391E-02
10.4 -2.89816024357857E-02 -1.68610869810007E-02 -1.08161091164916 -0.141660496889188 -1.08161091164916 -0.141660496889188 5.97122866017551E-03 -0.035285787965393
10.6 3.63892321245657E-03 -4.66977948110654E-02 0.261319176916812 1.06466394293691 0.261319176916812 1.06466394293691 1.43490347670229E-02 4.15355171971962E-02
10.8 -1.87511086874422E-02 -5.64106137146667E-02 0.893541997449681 -0.631560242447621 0.893541997449681 -0.631560242447621 -0.07846341632171 4.89592273302025E-03
11 -2.48554124639962E-02 -1.09874707570377E-02 -0.908630925727741 -0.594777171043134 -0.908630925727741 -0.594777171043134 3.43841670955646E-02 -3.37903060381625E-02
11.2 5.00614584592722E-02 -2.84673614938911E-02 -0.212038014573893 1.05207078360372 -0.212038014573893 1.05207078360372 1.61737039986363E-02 5.19376844953792E-02
11.4 8.74088264476124E-03 -3.88525038204097E-02 1.0409210880227 -0.173912285799814 1.0409210880227 -0.173912285799814 -1.52700435734522E-02 -7.63466300991213E-02
11.6 -9.71313461512067E-02 -6.91005130037944E-02 -0.521316441184569 -0.888528483685255 -0.521316441184569 -0.888528483685255 4.75447257568121E-02 7.44853203337875E-02
11.8 -0.111697340898432 -1.41535511032561E-02 -0.642384057509527 0.781904227467194 -0.642384057509527 0.781904227467194 -8.10405829484981E-02 1.81762176926751E-02
12 -6.60355995405521E-02 4.47618757045341E-02 0.951027926941418 0.335515189776219 0.951027926941418 0.335515189776219 7.02502552032744E-02 -9.41928248172956E-02
12.2 -2.91009751726858E-02 4.55683308771073E-02 -1.27558810633342E-02 -1.00716483081323 -1.27558810633342E-02 -1.00716483081323 4.68950588950127E-02 0.103420938234818
12.4 7.14682229345472E-02 -1.95015867585727E-02 -0.932200777852874 0.360476974442774 -0.932200777852874 0.360476974442774 -7.05269212126538E-02 -4.06816670265853E-02
12.6 9.50129363241363E-04 -6.05638810166721E-02 0.665770974697884 0.752926892575869 0.665770974697884 0.752926892575869 2.82736833300061E-02 -3.51596725343575E-02
12.8 -1.33221420439549E-02 -2.45202840768423E-02 0.467445098419454 -0.897511770440519 0.467445098419454 -0.897511770440519 -0.032629581187243 -5.46254959222721E-03
13 -0.066637475432538 -1.75426765640405E-02 -1.00709627607645 -0.117422350650374 -1.00709627607645 -0.117422350650374 5.72064732914825E-02 -1.43324628032508E-02
13.2 -4.48272091692569E-02 0.086925389042572 0.242657811882295 0.979736553774756 0.242657811882295 0.979736553774756 -2.73219795682717E-02 0.103460398326347
13.4 0.022558163665343 -0.100260933601471 0.800741154915003 -0.594766278396585 0.800741154915003 -0.594766278396585 -9.04567300650893E-02 -7.51613275269508E-02
13.6 0.012900880543893 6.20590003230653E-02 -0.843134169797184 -0.538567302512222 -0.843134169797184 -0.538567302512222 0.109108964651478 -4.54528734566745E-02
13.8 1.77695426054831E-02 -1.6097303010897E-03 -0.193647477898205 0.962769864587676 -0.193647477898205 0.962769864587676 3.24386134126031E-02 7.84840506272415E-02
14 -8.08873929027499E-02 0.059563750750975 0.946912903975068 -0.153613586127564 0.946912903975068 -0.153613586127564 -3.98860431499494E-02 7.38200415513487E-03
14.2 0.141745854844537 8.57921961722116E-02 -0.447273997832841 -0.810981817732714 -0.447273997832841 -0.810981817732714 -3.93903837603895E-02 -2.73344586581549E-02
14.4 -7.83211528251253E-02 5.16889728782059E-02 -0.625845204704629 0.70332381514201 -0.625845204704629 0.70332381514201 7.50292515835452E-02 -0.068573135516137
14.6 9.46078856561998E-03 -0.062909803357843 0.883727370777616 0.343997978370534 0.883727370777616 0.343997978370534 4.89813394337427E-02 0.115293012168373
14.8 -6.06511024848057E-02 -0.118834883066618 1.48867106492561E-02 -0.943242277384061 1.48867106492561E-02 -0.943242277384061 -0.149511916736252 0.014830622745511
15 -5.56178774989016E-02 8.28877348245369E-02 -0.904747020424358 0.30555151072983 -0.904747020424358 0.30555151072983 4.96365945566792E-02 -0.144948732069625
15.2 -2.00004086390929E-02 -3.10736797711466E-03 0.621836360203926 0.747734616532779 0.621836360203926 0.747734616532779 7.62377203211586E-02 0.104692840892604
15.4 7.18668536484153E-02 4.27942673182495E-02 0.472006753922345 -0.860444546320869 0.472006753922345 -0.860444546320869 -0.107836906345988 2.90242068544837E-02
15.6 0.040480709970983 -3.60719888113728E-03 -0.971677279825845 -0.13364814678559 -0.971677279825845 -0.13364814678559 0.021934586825864 -7.12849855735786E-02
15.8 -4.64195449937251E-02 -2.38589151439442E-02 0.233089169373067 0.95529866927853 0.233089169373067 0.95529866927853 2.53707298833167E-02 1.84626686240353E-02
16 -3.51383610121351E-02 -3.76823759569373E-02 0.798935030326078 -0.561723171106573 0.798935030326078 -0.561723171106573 2.67024853191255E-02 7.73588441857706E-03
16.2 -1.23340937962373E-02 -4.53720777868713E-02 -0.805997954916611 -0.536146958506377 -0.805997954916611 -0.536146958506377 -0.04141351915208 1.61479554452083E-02
16.4 -3.73986503791186E-02 -8.05621392281463E-02 -0.20962464952083 0.93490761910545 -0.20962464952083 0.93490761910545 4.24099302123112E-03 -8.94757569362736E-02
16.6 -4.09206488547591E-02 -2.34971707558741E-02 0.927836830022438 -0.126091599495296 0.927836830022438 -0.126091599495296 0.104639092146878 7.44799498724888E-02
16.8 -6.25861046744161E-02 4.97283297032732E-02 -0.433886985536159 -0.83010555178515 -0.433886985536159 -0.83010555178515 -0.153950870407772 6.61808700996019E-02
17 -3.88858320918736E-02 9.59482971411944E-02 -0.628542403684461 0.683271765280637 -0.628542403684461 0.683271765280637 7.68295466640478E-03 -0.176978846280115
17.2 -3.74957326080503E-02 7.06568759831618E-02 0.881352516193993 0.367723633270788 0.881352516193993 0.367723633270788 0.154016213537426 0.128342617752207
17.4 -4.09027133575001E-02 -9.8344539624265E-03 1.31706221981641E-02 -0.959803204342185 1.31706221981641E-02 -0.959803204342185 -0.140154273948672 5.41872121278046E-02
17.6 -0.055509405877981 -8.64342158546118E-02 -0.90147104799654 0.332123708109486 -0.90147104799654 0.332123708109486 6.97169088807671E-03 -0.111248130444345
17.8 -3.45121541540109E-02 -4.13523421720459E-02 0.646177502717093 0.729758394593349 0.646177502717093 0.729758394593349 5.65671147661084E-02 2.27920619068265E-02
18 -6.54869077930453E-02 -1.05579161080447E-02 0.445004980573841 -0.860972699316048 0.445004980573841 -0.860972699316048 1.50220322526517E-02 2.73322952437992E-04
18.2 1.83778991981844E-02 -1.69704577591818E-02 -0.966506286968636 -0.101713518795584 -0.966506286968636 -0.101713518795584 -0.014644996959906 6.14364871544701E-02
18.4 -1.26988197203148E-02 -2.00336631252164E-02 0.260034831319073 0.925311169124041 0.260034831319073 0.925311169124041 -6.97732667885623E-02 -4.09528796747493E-02
18.6 -5.63137582079272E-02 0.031479861761186 0.76054417760857 -0.570019781682473 0.76054417760857 -0.570019781682473 6.93596366077831E-02 -5.78183716787233E-02
18.8 -4.94712588943629E-02 -1.94007938259705E-02 -0.793172028657663 -0.502872099336759 -0.793172028657663 -0.502872099336759 -7.23399920424198E-03 6.53433380237028E-02
19 0.033026908795679 4.22811444442561E-02 -0.185178958751916 0.908338814867876 -0.185178958751916 0.908338814867876 -1.60001287603877E-02 9.85467901231633E-03
19.2 7.67755871422055E-02 -4.97611907424002E-02 0.905792863984344 -0.140548314787971 0.905792863984344 -0.140548314787971 -5.56999079416665E-02 -1.45185284042097E-02
19.4 -9.44670918708242E-03 -3.60304603299175E-02 -0.445113428897479 -0.804504361750664 -0.445113428897479 -0.804504361750664 1.12726093193788E-02 -8.27922656147649E-02
19.6 5.50024303627964E-02 -6.30927414377937E-02 -0.603333134634971 0.693326732695031 -0.603333134634971 0.693326732695031 8.40255368767081E-02 5.44900381546846E-02
19.8 -5.02638719604894E-02 6.7764029900853E-03 0.870854903135928 0.317851918986242 0.870854903135928 0.317851918986242 -0.111928675905718 6.72395762932929E-02
20 1.83464413556208E-02 3.70439468934719E-02 -3.17202783597735E-02 -0.926805967438847 -3.17202783597735E-02 -0.926805967438847 -1.80226210126739E-02 -0.12216117655364
20.2 -2.50254789603324E-02 -5.51065063409782E-02 -0.853737193071822 0.376054934882724 -0.853737193071822 0.376054934882724 7.73082615677188E-02 -0.002748568836561
20.4 -4.33854325757291E-02 -2.76003707993752E-03 0.660585953105451 0.65802595495521 0.660585953105451 0.65802595495521 -6.66916500312625E-03 7.25999622520326E-02
20.6 3.98210255088253E-03 -7.38811305841146E-02 0.372998817957464 -0.852599892328839 0.372998817957464 -0.852599892328839 -7.48842791364463E-02 5.34830635623092E-02
20.8 -3.06509433740961E-02 -8.47182479782467E-03 -0.924001753842315 -3.96531800438733E-02 -0.924001753842315 -3.96531800438733E-02 -2.48035616555378E-02 -0.119496318834355
21 -0.011798486297065 -0.067411072559551 0.298334313893938 0.865541528318747 0.298334313893938 0.865541528318747 0.15931991988435 3.26773053277387E-02
21.2 3.57547590297147E-02 -9.01413533970481E-02 0.698667202751888 -0.564381725618972 0.698667202751888 -0.564381725618972 -8.92365914022656E-02 0.179170015765458
21.4 -2.30526377746972E-02 3.8533630099986E-03 -0.785810905719256 -0.437655501305384 -0.785810905719256 -0.437655501305384 -0.130993675606605 -0.15256296736077
21.6 -9.13605258388968E-04 -1.28519815805334E-02 -0.152214894841597 0.88126757774298 -0.152214894841597 0.88126757774298 0.189364029805606 -2.92310186226767E-02
21.8 2.08926554608538E-02 -7.21296050276141E-03 0.872770935491437 -0.173986450279776 0.872770935491437 -0.173986450279776 -4.69885867328918E-02 0.156082653950578
22 9.76070124675717E-02 -2.96359730173575E-02 -0.453094863130318 -0.761047745138433 -0.453094863130318 -0.761047745138433 -6.10528746684642E-02 -8.70011042033429E-02
22.2 -3.40033713142257E-02 -7.39557286800152E-02 -0.554749930441571 0.712740038715289 -0.554749930441571 0.712740038715289 6.12942627960176E-02 -2.25567145157201E-02
22.4 -5.47969875826641E-02 -5.62133844270854E-02 0.870575253726672 0.268911179320432 0.870575253726672 0.268911179320432 1.20885985395113E-03 -1.41225894018638E-02
22.6 -4.45038118244893E-02 2.90232268781067E-03 -6.11660303978967E-02 -0.915620871620786 -6.11660303978967E-02 -0.915620871620786 5.03689006602315E-02 3.41625476812252E-02
22.8 -4.19181117042393E-02 6.92747478170694E-02 -0.829760474651286 0.405093886172937 -0.829760474651286 0.405093886172937 -9.30370745423943E-02 3.76573395348497E-02
23 0.04047935834324 3.09422002275677E-02 0.671686425242292 0.625133950728985 0.671686425242292 0.625133950728985 4.44175510620341E-03 -0.146274821535761
23.2 3.38071819479181E-02 -2.97886218604811E-02 0.335550748135083 -0.853853319580543 0.335550748135083 -0.853853319580543 9.91476433231038E-02 9.29883780869226E-02
23.4 -0.040658941952929 4.16435369065377E-02 -0.905338366456593 7.92466111375684E-03 -0.905338366456593 7.92466111375684E-03 -0.100335980627771 3.82756977172611E-02
23.6 -0.034644186381014 -0.038510939443208 0.327092138815219 0.835622173801805 0.327092138815219 0.835622173801805 4.19341374021948E-02 -4.85747724095097E-02
23.8 -0.072284849805308 -1.34762443142848E-02 0.655161450478554 -0.599930791877941 0.655161450478554 -0.599930791877941 -8.48883994133275E-03 2.45363935062095E-02
24 3.05380525849958E-02 -5.99799692694749E-02 -0.773035380464918 -0.400577731785667 -0.773035380464918 -0.400577731785667 2.46490053053184E-02 -7.97659011326398E-02
24.2 -8.13429820558516E-02 -5.82350129065531E-02 -0.10711756876802 0.866389310071245 -0.10711756876802 0.866389310071245 5.05550060192276E-02 7.01314573766864E-02
24.4 -1.70064150525298E-02 5.56506974193068E-02 0.851314910884343 -0.210722844347206 0.851314910884343 -0.210722844347206 -0.109456847398374 -2.08449955857213E-02
24.6 -3.23277271797859E-02 4.27103181357711E-02 -0.499232693505486 -0.735547077180792 -0.499232693505486 -0.735547077180792 6.03346630625155E-02 -7.59422660847315E-02
24.8 3.90937377827644E-02 0.104234649882091 -0.503163513839483 0.726291814341314 -0.503163513839483 0.726291814341314 1.48764641465506E-02 5.94592152320113E-02
25 4.60661214032682E-02 -2.29434261891982E-02 0.860966761901427 0.207795995485101 0.860966761901427 0.207795995485101 -1.26497200106639E-02 -3.07607848800673E-02
25.2 -9.60350906001661E-02 -2.51285242320519E-02 -0.13094599584603 -0.877660734538889 -0.13094599584603 -0.877660734538889 1.46656259654699E-02 5.59641470240649E-02
25.4 -0.079150891413666 -7.32440536738488E-02 -0.774805905922576 0.428679808730159 -0.774805905922576 0.428679808730159 -6.84974165800313E-02 -2.46968117771383E-02
25.6 -0.033433251894185 0.050906298609308 0.689999503364763 0.565932163806192 0.689999503364763 0.565932163806192 6.24805661135594E-02 -5.50128614548324E-02
25.8 -2.54633747350348E-02 4.11159612209288E-02 0.272565845212705 -0.840053077137317 0.272565845212705 -0.840053077137317 1.32562364651917E-02 5.41034206086519E-02
26 -4.99883833262929E-02 5.95585670278849E-02 -0.874105949111066 5.25350228816858E-02 -0.874105949111066 5.25350228816858E-02 -6.02279705467278E-03 8.63863699269549E-04
26.2 -5.94180278469105E-02 2.63560950938257E-02 0.359528282777077 0.790119481947527 0.359528282777077 0.790119481947527 -1.73329312168952E-02 2.13892143358522E-02
26.4 -0.141608684389471 0.131737937363061 0.596518475268003 -0.593377939966229 0.596518475268003 -0.593377939966229 -7.95879787278449E-03 -5.91266658808145E-02
26.6 1.80093237913243E-02 2.84509694249049E-02 -0.795781798699754 -0.351755991808351 -0.795781798699754 -0.351755991808351 7.41419109735125E-02 4.09427592461762E-02
26.8 -1.67918063084876E-02 -3.12278671339273E-02 -5.13756462695014E-02 0.869499297134603 -5.13756462695014E-02 0.869499297134603 -7.73429409452548E-02 7.04927642821808E-02
27 4.87493421257562E-02 -6.02648494895341E-02 0.832505506924359 -0.265186786206943 0.832505506924359 -0.265186786206943 3.05662188358274E-03 -7.53618224944736E-02
27.2 -0.121838016618128 -2.79349363397702E-02 -0.555219720964084 -0.653439429202941 -0.555219720964084 -0.653439429202941 2.77787626271767E-02 3.99302139434424E-02
27.4 -6.55623928534884E-02 0.1979099888446 -0.414686176717614 0.757603752497331 -0.414686176717614 0.757603752497331 -4.61686887153328E-02 -2.30455765491662E-02
27.6 -0.025150584189426 0.127387306843997 0.874765447808614 9.64217383596404E-02 0.874765447808614 9.64217383596404E-02 3.57141752360207E-02 -1.18449127017749E-02
27.8 2.90328366371921E-02 0.172384259860583 -0.207709505527342 -0.840194826516425 -0.207709505527342 -0.840194826516425 -3.49753798010524E-02 3.82041578959034E-02
28 5.51014779523804E-02 4.9485085867472E-03 -0.692893551154309 0.519255591747008 -0.692893551154309 0.519255591747008 -1.34810276738346E-02 -2.30581763952514E-02
28.2 -6.76164028418657E-02 3.21469938285746E-02 0.723948483547308 0.422836062031671 0.723948483547308 0.422836062031671 -1.94149365213233E-02 -1.49112290706897E-04
28.4 8.72830674208391E-02 6.59365466271728E-02 0.151715366023958 -0.805996595564717 0.151715366023958 -0.805996595564717 5.96795298513898E-02 -0.062679417149667
28.6 5.51587476598452E-02 7.55631940457661E-02 -0.791210773225936 0.137732183855985 -0.791210773225936 0.137732183855985 4.06437558596116E-02 0.143090236246694
28.8 7.44874442053926E-02 0.153803596377599 0.384076245478223 0.701952381658472 0.384076245478223 0.701952381658472 -0.218827232754208 -2.25403495466886E-02
29 -4.32845199469286E-02 5.24336039988732E-02 -0.480806354809044 0.633638113377452 -0.480806354809044 0.633638113377452 8.06920573306894E-02 -0.190030990671967
29.2 -0.106308496046988 0.211065688394019 0.732535854817209 0.244377044774409 0.732535854817209 0.244377044774409 0.130060095170156 0.158270390925229
29.4 2.06738813904749E-02 0.114029595769742 -3.34355700669549E-02 -0.813027102649286 -3.34355700669549E-02 -0.813027102649286 -0.145288456388795 5.92515071494384E-02
29.6 4.78319406548742E-02 0.166126952822772 -0.738134099664528 0.325271747789501 -0.738134099664528 0.325271747789501 -1.38537417873775E-02 -8.50888894355038E-02
29.8 0.233855404525503 1.91405163447066E-02 0.533895182913885 0.565998683221727 0.533895182913885 0.565998683221727 0.017787521435968 -5.77052178591842E-02
30 3.07764954046286E-02 6.24790831128631E-02 0.311915853760069 -0.742704102249365 0.311915853760069 -0.742704102249365 0.143868206448225 -4.14232649456614E-03
30.2 9.78540668639394E-02 0.122734836785422 -0.80422073863135 -5.17730339612774E-02 -0.80422073863135 -5.17730339612774E-02 -9.00722864364363E-02 0.221002978945361
30.4 -6.23620361161066E-02 0.154363655625457 0.27333558872062 0.736436972070427 0.27333558872062 0.736436972070427 -0.197382641575805 -0.172332722209531
30.6 0.108959061029215 0.17714933439157 0.609872566882248 -0.488781794300311 0.609872566882248 -0.488781794300311 0.229813198604707 -7.78387033483508E-02
30.8 -0.059632364091541 -8.87898506281372E-03 0.712250200438789 0.332841952880037 0.712250200438789 0.332841952880037 -2.22512022416452E-02 0.211691251959771
31 8.32461915378312E-02 9.70827286304862E-02 8.15892779659887E-02 -0.777043197743579 8.15892779659887E-02 -0.777043197743579 -0.101352982866461 -8.66329851788055E-02
31.2 2.70386539066573E-02 6.68512149888728E-03 -0.734588246705206 0.178056362227648 -0.734588246705206 0.178056362227648 4.06652178055769E-02 8.8689035620705E-03
31.4 0.180481663780646 0.251012098343709 -0.425364374139993 -0.549146103537575 -0.425364374139993 -0.549146103537575 -4.64568504895453E-02 -4.00682177173025E-02
31.6 0.217622849978725 4.64191656469985E-02 -0.426294408568004 0.594909040435066 -0.426294408568004 0.594909040435066 0.131576910968855 -1.65524140553453E-03
31.8 2.15252242499597E-02 0.130365234946065 0.71727011854096 0.155225087947783 0.71727011854096 0.155225087947783 -8.37660452919157E-02 0.142003834323755
32 0.092167410394837 -8.73195892863561E-02 -7.85590016845643E-02 -0.737865977894273 -7.85590016845643E-02 -0.737865977894273 -4.66264483459283E-02 -0.159126531643482
32.2 -0.139748665146737 8.14867397419367E-02 -0.602957148481059 0.338669494605171 -0.602957148481059 0.338669494605171 0.133658324042673 3.50651483755055E-02
32.4 0.134274234723301 3.24621500456385E-02 0.565117829611165 0.472398305380589 0.565117829611165 0.472398305380589 -8.01169829715007E-02 5.40845556423618E-02
32.6 6.98197056372063E-02 -7.01867074373361E-02 0.230671910788148 -0.684298634094452 0.230671910788148 -0.684298634094452 3.54329184359215E-02 -6.27348757629183E-02
32.8 0.247151873941106 7.49614248508604E-02 -0.680911172705701 1.55459699028476E-02 -0.680911172705701 1.55459699028476E-02 -1.09697527851191E-02 6.01247540819865E-02
33 3.89047816427788E-02 -6.02557241259707E-02 0.28048773351794 0.640835130728605 0.28048773351794 0.640835130728605 -2.99307229186008E-02 -5.71380372730959E-02
33.2 1.05555622821348E-02 0.15310355009174 0.484860656492601 -0.48285906514612 0.484860656492601 -0.48285906514612 0.04972724875119 1.80481535407241E-02
33.4 0.103423497543497 -1.98926596463243E-02 -0.625501041450304 -0.289495796635422 -0.625501041450304 -0.289495796635422 -2.65595818834558E-02 -2.53377788988721E-02
33.6 -1.26075094101609E-02 2.02151951095911E-02 -5.54191283989459E-02 0.673050596194713 -5.54191283989459E-02 0.673050596194713 6.69944928671127E-02 1.03894512284736E-02
33.8 0.205686299513499 -0.124208230455877 0.622763497552147 -0.188760547944535 0.622763497552147 -0.188760547944535 -8.06472748562355E-02 7.24859032205416E-02
34 3.18257066661613E-02 -0.11902988428706 -0.394340945215503 -0.53786667817577 -0.394340945215503 -0.53786667817577 -1.32809519429703E-02 -0.135882415822335
34.2 0.135042852331367 6.13891302976614E-02 -0.332668132933725 0.55705346331483 -0.332668132933725 0.55705346331483 0.127533483833263 3.85156521277397E-02
34.4 5.48076132111199E-02 -3.54808986261856E-02 0.655633593024432 0.120951836491126 0.655633593024432 0.120951836491126 -7.07763400512048E-02 5.78171566816803E-02
34.6 3.32950746584157E-02 0.145576390218046 -0.109765117939451 -0.636681568289467 -0.109765117939451 -0.636681568289467 -0.019533586632247 -4.55552080132382E-02
34.8 7.47040961654572E-02 -7.61575159045405E-02 -0.560243391301883 0.345131445828049 -0.560243391301883 0.345131445828049 -3.74814224811712E-03 -5.69973691458657E-03
35 -2.91320370523251E-02 1.77779511484404E-02 0.51927254139333 0.392268556534406 0.51927254139333 0.392268556534406 5.89618225327884E-02 -5.31287342236137E-02
35.2 0.106872725405421 -6.44578428783525E-02 0.163193928590799 -0.615799695746833 0.163193928590799 -0.615799695746833 3.42146387461756E-02 0.105657566957214
35.4 8.95908401472958E-02 -1.87037433476444E-02 -0.629656761102383 0.080715026625192 -0.629656761102383 0.080715026625192 -0.137384869094266 -2.27145269638619E-02
35.6 0.180212297839975 2.30592672334362E-03 0.278298724509285 0.521209618135769 0.278298724509285 0.521209618135769 5.88998381596284E-02 -0.09851077778594
35.8 -1.71954811614607E-02 -0.074988180240039 0.397111693792287 -0.455551967927266 0.397111693792287 -0.455551967927266 4.37163515795275E-02 6.89706868194259E-02
36 1.48686681624637E-02 -4.80132298293564E-02 -0.537791504993547 -0.204272774679439 -0.537791504993547 -0.204272774679439 -2.94558448013914E-02 9.55554153162859E-03
36.2 -0.117300584996467 2.70012505227486E-02 -1.18646864046819E-02 0.565312418442221 -1.18646864046819E-02 0.565312418442221 -7.30232621768663E-03 -3.40277936159105E-03
36.4 -2.90844528062233E-02 0.047717484084839 0.536106752131789 -0.190802376342268 0.536106752131789 -0.190802376342268 -1.08934512899241E-02 -4.17697366086128E-02
36.6 -5.39708881017663E-02 -3.09161197285483E-02 -0.349737808512298 -0.410733642791306 -0.349737808512298 -0.410733642791306 7.03775691323838E-02 2.89944912747564E-03
36.8 5.76049665684329E-02 0.109533567100338 -0.294271579373863 0.485543843747299 -0.294271579373863 0.485543843747299 -4.08411386659998E-02 6.33704388018111E-02
37 -6.97004839049478E-02 -1.26868397082064E-02 0.532231103098954 8.73980076039394E-02 0.532231103098954 8.73980076039394E-02 -2.56750605327992E-02 -6.04993399746381E-02
37.2 -5.84743537232252E-02 0.153025322856049 -0.105019039977658 -0.540321450577667 -0.105019039977658 -0.540321450577667 4.18124220342291E-02 1.29701463967022E-02
37.4 -0.100764426425221 -6.58969108702655E-02 -0.458318149279236 0.295902720989669 -0.458318149279236 0.295902720989669 -2.14803173916978E-02 7.34314120033974E-03
37.6 -0.116391678916628 -3.07439569246293E-02 0.439078606295595 0.319568047715398 0.439078606295595 0.319568047715398 3.08088240499361E-02 -7.99937050706765E-03
37.8 -6.72328475324725E-02 -0.119964868687914 0.130530096094897 -0.518487543603429 0.130530096094897 -0.518487543603429 -2.71814061935648E-02 3.10901205907952E-02
38 -0.192694631826761 -4.8837042621284E-03 -0.484604309053675 5.95247001200844E-02 -0.484604309053675 5.95247001200844E-02 1.48427290132647E-02 -0.031173856215014
38.2 -2.78158603676234E-02 0.125801013705966 0.213430741408268 0.473834684540342 0.213430741408268 0.473834684540342 2.77535552618858E-03 0.046531221881356
38.4 -2.06309098775005E-02 0.14501605241374 0.32812917038778 -0.361849961052711 0.32812917038778 -0.361849961052711 -5.74465427206844E-02 -3.73983193077142E-02
38.6 1.97841117872451E-02 0.146964914457133 -0.447196665455418 -0.201950139934093 -0.447196665455418 -0.201950139934093 8.56897023194833E-02 -0.01720375709476
38.8 3.59726530900596E-02 -2.96699505426281E-02 -1.23116421727764E-02 0.469159259919496 -1.23116421727764E-02 0.469159259919496 -4.11088373681042E-02 8.81656279533711E-02
39 -0.102220217696518 -0.072454353821404 0.429911734407551 -0.132781398625535 0.429911734407551 -0.132781398625535 -5.44565670660005E-02 -7.62243736937032E-02
39.2 -1.76131060508787E-02 -1.63067169719481E-02 -0.269052799556933 -0.367334618810124 -0.269052799556933 -0.367334618810124 7.87075665387584E-02 -1.42012062885528E-02
39.4 -6.66689026311558E-02 6.96688541140876E-02 -0.244903591803562 0.374226302035338 -0.244903591803562 0.374226302035338 -2.54504917562124E-03 5.11488477015737E-02
39.6 -9.63122231062673E-02 0.249038874026758 0.406165138565327 0.123178197859456 0.406165138565327 0.123178197859456 -2.08239546548492E-02 2.60601915185876E-03
39.8 -0.106387674457204 6.66164801356406E-02 -4.41630468275091E-02 -0.410966601588947 -4.41630468275091E-02 -0.410966601588947 -2.78011878202167E-02 -2.02953637396211E-02
40 -0.171331640200203 0.245539932778184 -0.406422593592604 0.147254847559726 -0.406422593592604 0.147254847559726 5.95481153627398E-02 -3.45879189781837E-02
