0.2 0.0226145 0.0130472 -0.0001755 0.023325 0 0 0 0
0.4 -0.0141144 0.0118675 -0.0042019 -0.0168896 0 0 0 0
0.6 -0.0054455 -0.0151973 0.0088825 0.0127311 0 0 0 0
0.8 0.0152392 -0.0009112 -0.0129075 -0.0077305 0 0 0 0
1 -0.0025487 0.0151882 0.0148468 0.0030875 0 0 0 0
1.2 -0.0141873 -0.006114 -0.0150018 0.0038233 0 0 0 0
1.4 0.010016 -0.0131211 0.012619 -0.010211 0 0 0 0
1.6 0.0108867 0.0133667 -0.0068841 0.0154657 0 0 0 0
1.8 -0.016798 0.0093098 -0.0007792 -0.0188618 0 0 0 0
2 -0.0066462 -0.0194168 0.010828 0.0173149 0 0 0 0
2.2 0.0226116 -0.0043812 -0.019949 -0.0110712 0 0 0 0
2.4 0.0017681 0.0246162 0.0247154 -0.0013437 0 0 0 0
2.6 -0.0267038 0.0007916 -0.0230484 0.0139694 0 0 0 0
2.8 0.0016804 -0.027482 0.0119543 -0.0257807 0 0 0 0
3 0.0279808 0.0046978 0.0037003 0.0291386 0 0 0 0
3.2 -0.008008 0.0276556 -0.0192165 -0.0231161 0 0 0 0
3.4 -0.026865 -0.0118008 0.0291014 0.0101204 0 0 0 0
3.6 0.0156956 -0.0257435 -0.0309954 0.0067272 0 0 0 0
3.8 0.0242739 0.0198698 0.0241566 -0.0224762 0 0 0 0
4 -0.0239973 0.0223913 -0.0097122 0.0332851 0 0 0 0
4.2 -0.0204287 -0.0283022 -0.0095882 -0.0353451 0 0 0 0
4.4 0.0323277 -0.0182304 0.0285711 0.0263624 0 0 0 0
4.6 0.0161572 0.0361252 -0.0410576 -0.0071697 0 0 0 0
4.8 -0.0392113 0.0138416 0.040163 -0.017643 0 0 0 0
5 -0.0114632 -0.0415134 -0.0239239 0.0384998 0 0 0 0
5.2 0.0430145 -0.0083542 -0.0018368 -0.0462437 0 0 0 0
5.4 0.0049248 0.0437717 0.0275726 0.0377445 0 0 0 0
5.6 -0.0441093 0.0005455 -0.0434208 -0.0172329 0 0 0 0
5.8 0.0041962 -0.0441017 0.0458832 -0.0090866 0 0 0 0
6 0.0438499 0.0093708 -0.0347748 0.0320282 0 0 0 0
6.2 -0.0147781 0.043602 0.0129967 -0.0465755 0 0 0 0
6.4 -0.0426903 -0.0200462 0.0135555 0.0479374 0 0 0 0
6.6 0.0254745 -0.0424309 -0.0384541 -0.0342293 0 0 0 0
6.8 0.0408077 0.0304413 0.0530891 0.008482 0 0 0 0
7 -0.034605 0.0404587 -0.0511627 0.0230808 0 0 0 0
7.2 -0.0396442 -0.0374222 0.0318394 -0.0481796 0 0 0 0
7.4 0.0402412 -0.0379295 0.000576 0.0578823 0 0 0 0
7.6 0.0345535 0.0423565 -0.0332832 -0.047842 0 0 0 0
7.8 -0.0448685 0.0304737 0.0532951 0.0213776 0 0 0 0
8 -0.0253944 -0.0469036 -0.0555267 0.0105 0 0 0 0
8.2 0.0485325 -0.0199585 0.0409908 -0.0380058 0 0 0 0
8.4 0.0140018 0.0510387 -0.0152206 0.0539436 0 0 0 0
8.6 -0.0520115 0.0077171 -0.0151424 -0.0541992 0 0 0 0
8.8 -0.0018635 -0.054781 0.0417976 0.0393944 0 0 0 0
9 0.0560474 0.0044174 -0.0584755 -0.0115643 0 0 0 0
9.2 -0.0097828 0.0576878 0.0571804 -0.0229797 0 0 0 0
9.4 -0.0584602 -0.0146427 -0.0365162 0.0513058 0 0 0 0
9.6 0.0193615 -0.0575085 0.0015755 -0.0647049 0 0 0 0
9.8 0.0570316 0.0238686 0.0351181 0.0545197 0 0 0 0
10 -0.0279541 0.0543499 -0.0592499 -0.0256901 0 0 0 0
10.2 -0.0514832 -0.0328159 0.0625305 -0.0101662 0 0 0 0
10.4 0.0369568 -0.0475674 -0.0475292 0.0412579 0 0 0 0
10.6 0.0433636 0.0421429 0.0182972 -0.0599556 0 0 0 0
10.8 -0.0472622 0.0385399 0.015543 0.0611706 0 0 0 0
11 -0.0340118 -0.0517406 -0.0462608 -0.0444832 0 0 0 0
11.2 0.0570259 -0.0287132 0.0643387 0.0147362 0 0 0 0
11.4 0.0246677 0.061121 -0.0645103 0.0228767 0 0 0 0
11.6 -0.0653229 0.0200386 0.043108 -0.0566082 0 0 0 0
11.8 -0.0166245 -0.0684471 -0.0037308 0.0739784 0 0 0 0
12 0.0699539 -0.0127602 -0.0390625 -0.064846 0 0 0 0
12.2 0.0085487 0.0703621 0.0681953 0.0306625 0 0 0 0
12.4 -0.0693779 0.0040131 -0.0742912 0.0126572 0 0 0 0
12.6 0.0016785 -0.067791 0.0540543 -0.0524006 0 0 0 0
12.8 0.065815 0.0085297 -0.016983 0.0719528 0 0 0 0
13 -0.0139084 0.0637398 -0.0244713 -0.0688782 0 0 0 0
13.2 -0.0602589 -0.0220413 0.0563049 0.0424919 0 0 0 0
13.4 0.0273323 -0.0592175 -0.0730476 -0.0068169 0 0 0 0
13.6 0.0549068 0.0344505 0.066185 -0.0274124 0 0 0 0
13.8 -0.0398827 0.0537949 -0.04245 0.0639954 0 0 0 0
14 -0.0509396 -0.0455246 -0.0021286 -0.0762711 0 0 0 0
14.2 0.0499821 -0.0481377 0.0470123 0.064106 0 0 0 0
14.4 0.0449905 0.0521603 -0.0743675 -0.0310936 0 0 0 0
14.6 -0.055418 0.0413246 0.0765076 -0.0198746 0 0 0 0
14.8 -0.0353107 -0.0572319 -0.0512753 0.0556908 0 0 0 0
15 0.0572014 -0.0302811 0.0084381 -0.0762749 0 0 0 0
15.2 0.0249577 0.0615959 0.031292 0.0686798 0 0 0 0
15.4 -0.0601273 0.0168552 -0.0598602 -0.0389957 0 0 0 0
15.6 -0.0121346 -0.0631943 0.0717163 0.0022964 0 0 0 0
15.8 0.0630035 -0.0037689 -0.0615387 0.0373783 0 0 0 0
16 -0.002388 0.0642891 0.0331039 -0.0647011 0 0 0 0
16.2 -0.0654259 -0.0092239 0.0067406 0.0747604 0 0 0 0
16.4 0.0165901 -0.0643501 -0.0467777 -0.060318 0 0 0 0
16.6 0.067234 0.021843 0.0753365 0.0233994 0 0 0 0
16.8 -0.0247841 0.0668297 -0.0743332 0.023674 0 0 0 0
17 -0.0647163 -0.0298309 0.0485954 -0.0639839 0 0 0 0
17.2 0.0295753 -0.0627937 -0.0026627 0.0746231 0 0 0 0
17.4 0.057703 0.0357895 -0.0364532 -0.063858 0 0 0 0
17.6 -0.0388451 0.0528164 0.0637207 0.0323219 0 0 0 0
17.8 -0.0489883 -0.042511 -0.0706596 0.0061035 0 0 0 0
18 0.0488186 -0.0435143 0.0565186 -0.0409069 0 0 0 0
18.2 0.0396938 0.0508976 -0.0248604 0.0665474 0 0 0 0
18.4 -0.0569649 0.0347672 -0.0145531 -0.0698891 0 0 0 0
18.6 -0.0312595 -0.0587063 0.0509224 0.0521336 0 0 0 0
18.8 0.0620346 -0.027462 -0.0705414 -0.0166931 0 0 0 0
19 0.0221634 0.0635986 0.0702553 -0.0281754 0 0 0 0
19.2 -0.0646973 0.0194855 -0.0420418 0.0629425 0 0 0 0
19.4 -0.0127983 -0.0653076 -0.0004044 -0.0769463 0 0 0 0
19.6 0.0647087 -0.0099564 0.0415668 0.0586243 0 0 0 0
19.8 0.0023346 0.0635948 -0.0667267 -0.0265694 0 0 0 0
20 -0.0623131 0.0009594 0.0719299 -0.0118561 0 0 0 0
20.2 0.0044937 -0.0615063 -0.0538597 0.0471935 0 0 0 0
20.4 0.0597324 0.0101566 0.0195808 -0.0675316 0 0 0 0
20.6 -0.0159531 0.0576286 0.0194588 0.0668068 0 0 0 0
20.8 -0.056982 -0.0220547 -0.054266 -0.0460758 0 0 0 0
21 0.0272827 -0.0539513 0.0701866 0.0107803 0 0 0 0
21.2 0.0549622 0.0326633 -0.0659523 0.032856 0 0 0 0
21.4 -0.0365391 0.052269 0.0398636 -0.0643539 0 0 0 0
21.6 -0.0530548 -0.0394115 0.0076714 0.0743637 0 0 0 0
21.8 0.0403748 -0.0487614 -0.0467854 -0.0589752 0 0 0 0
22 0.0459995 0.0430527 0.0724335 0.0172691 0 0 0 0
22.2 -0.0449486 0.0419407 -0.069191 0.023674 0 0 0 0
22.4 -0.036375 -0.045435 0.0422382 -0.0562058 0 0 0 0
22.6 0.0500107 -0.0324955 -0.0026703 0.0693779 0 0 0 0
22.8 0.0260677 0.0483646 -0.0319042 -0.0572567 0 0 0 0
23 -0.0540218 0.0226574 0.059885 0.0314503 0 0 0 0
23.2 -0.0170403 -0.0542641 -0.0664215 0.0048103 0 0 0 0
23.4 0.0563068 -0.0130615 0.0536022 -0.0431194 0 0 0 0
23.6 0.0084629 0.0592289 -0.0207863 0.0650139 0 0 0 0
23.8 -0.0595627 0.0054569 -0.0179749 -0.0666466 0 0 0 0
24 -0.0023937 -0.0610352 0.0553093 0.0435982 0 0 0 0
24.2 0.0599594 -0.0005589 -0.0694122 -0.0027199 0 0 0 0
24.4 -0.0034828 0.0590305 0.0586243 -0.0368996 0 0 0 0
24.6 -0.057251 -0.0059032 -0.0257664 0.0603371 0 0 0 0
24.8 0.0097542 -0.0551338 -0.0115585 -0.062315 0 0 0 0
25 0.0540981 0.0137367 0.0436859 0.044096 0 0 0 0
25.2 -0.0150337 0.0503235 -0.0607605 -0.0124664 0 0 0 0
25.4 -0.0490398 -0.0208683 0.0557156 -0.0216179 0 0 0 0
25.6 0.0217037 -0.045723 -0.0336475 0.0482578 0 0 0 0
25.8 0.0439777 0.0263176 0.0018539 -0.0583935 0 0 0 0
26 -0.0285358 0.0424385 0.0312366 0.0483971 0 0 0 0
26.2 -0.039423 -0.0306129 -0.0519009 -0.0235443 0 0 0 0
26.4 0.0328865 -0.0390682 0.0521622 -0.0115566 0 0 0 0
26.6 0.0354309 0.0309448 -0.0388222 0.0351105 0 0 0 0
26.8 -0.0332069 0.0322304 0.0160313 -0.0506821 0 0 0 0
27 -0.028738 -0.0312614 0.0149441 0.052021 0 0 0 0
27.2 0.0303259 -0.0232773 -0.0435257 -0.0350494 0 0 0 0
27.4 0.0187387 0.0308332 0.0523071 0.0006199 0 0 0 0
27.6 -0.0294447 0.0112515 -0.0449734 0.0255299 0 0 0 0
27.8 -0.0020256 -0.0304422 0.0221882 -0.0401382 0 0 0 0
28 0.0342789 0.0077667 0.0006695 0.0457134 0 0 0 0
28.2 -0.0140381 0.0424595 -0.0239544 -0.0400677 0 0 0 0
28.4 -0.0517921 -0.0142078 0.0442791 0.0266476 0 0 0 0
28.6 0.0135517 -0.0497513 -0.0612736 0.0023766 0 0 0 0
28.8 0.0552044 0.0147247 0.0439949 -0.0453072 0 0 0 0
29 -0.0137329 0.0539455 -0.0067902 0.065136 0 0 0 0
29.2 -0.0537586 -0.0104847 -0.0360699 -0.0494957 0 0 0 0
29.4 0.0113106 -0.0507526 0.056509 0.0202446 0 0 0 0
29.6 0.0462551 0.0118828 -0.0515461 0.013813 0 0 0 0
29.8 -0.0135574 0.0456333 0.0314846 -0.0384293 0 0 0 0
30 -0.0398998 -0.013689 -0.0045204 0.051775 0 0 0 0
30.2 0.0158367 -0.037281 -0.0242538 -0.0401154 0 0 0 0
30.4 0.0321255 0.0188675 0.0394173 0.0224152 0 0 0 0
30.6 -0.0208263 0.0286732 -0.0391521 0.0066223 0 0 0 0
30.8 -0.0249624 -0.0240211 0.0303373 -0.0262346 0 0 0 0
31 0.0233994 -0.0231247 -0.0138531 0.0350189 0 0 0 0
31.2 0.0175953 0.0268536 -0.0071888 -0.0361671 0 0 0 0
31.4 -0.0251694 0.0166492 0.0233088 0.0231581 0 0 0 0
31.6 -0.0117702 -0.0277681 -0.0328426 -0.0080128 0 0 0 0
31.8 0.0279675 -0.0076275 0.0342827 -0.0086555 0 0 0 0
32 0.0065947 0.0281954 -0.0223932 0.0193377 0 0 0 0
32.2 -0.032362 -0.0000534 0.0110645 -0.0326633 0 0 0 0
32.4 0.0000057 -0.0307894 0.0079727 0.036581 0 0 0 0
32.6 0.0365582 0.0050869 -0.0294504 -0.0296822 0 0 0 0
32.8 -0.0048008 0.0356312 0.0389576 0.011158 0 0 0 0
33 -0.0395107 -0.0088444 -0.041729 0.0173893 0 0 0 0
33.2 0.0090179 -0.0387859 0.0297108 -0.0422344 0 0 0 0
33.4 0.0416775 0.0125637 0.0023079 0.0526161 0 0 0 0
33.6 -0.0148506 0.0417328 -0.0338287 -0.0456753 0 0 0 0
33.8 -0.0452175 -0.0155716 0.0558815 0.0133419 0 0 0 0
34 0.0186768 -0.0445175 -0.0543652 0.0213699 0 0 0 0
34.2 0.0473347 0.0188541 0.0332394 -0.053196 0 0 0 0
34.4 -0.0191784 0.0471134 0.0067978 0.0622845 0 0 0 0
34.6 -0.0469799 -0.0194206 -0.0429668 -0.050251 0 0 0 0
34.8 0.0206337 -0.0464554 0.0615501 0.0129623 0 0 0 0
35 0.0483074 0.0216713 -0.0585899 0.0286102 0 0 0 0
35.2 -0.0228271 0.0485668 0.0354023 -0.061306 0 0 0 0
35.4 -0.0504704 -0.0211372 0.0096626 0.0704002 0 0 0 0
35.6 0.02174 -0.0547104 -0.0546417 -0.0541191 0 0 0 0
35.8 0.0553036 0.0179272 0.0697289 0.0055122 0 0 0 0
36 -0.0137234 0.0579281 -0.0724068 0.045784 0 0 0 0
36.2 -0.0568695 -0.0090694 0.0216103 -0.0751495 0 0 0 0
36.4 0.0037212 -0.0559883 0.0313416 0.0750084 0 0 0 0
36.6 0.0538387 0.0038376 -0.0786591 -0.031147 0 0 0 0
36.8 0.0044899 0.050539 0.0717087 -0.0185661 0 0 0 0
37 -0.0484524 0.0006371 -0.046833 0.0623302 0 0 0 0
37.2 -0.0069294 -0.0464077 -0.0050964 -0.0665703 0 0 0 0
37.4 0.0420837 -0.0056305 0.0476627 0.052597 0 0 0 0
37.6 0.0042362 0.0410767 -0.0670815 -0.016716 0 0 0 0
37.8 -0.0426655 0.0073338 0.0630379 -0.0310745 0 0 0 0
38 -0.0068302 -0.0401402 -0.0324593 0.0642166 0 0 0 0
38.2 0.040329 -0.0144939 -0.0216026 -0.0693016 0 0 0 0
38.4 0.0102253 0.0363388 0.0641327 0.0437927 0 0 0 0
38.6 -0.0347195 0.0152245 -0.0686951 0.0149574 0 0 0 0
38.8 -0.0113392 -0.0350609 0.0498447 -0.0525246 0 0 0 0
39 0.0365143 -0.0101547 0.0003014 0.0728111 0 0 0 0
39.2 0.0103722 0.0373478 -0.0533237 -0.0538769 0 0 0 0
39.4 -0.0421791 0.008213 0.0704155 0.0073051 0 0 0 0
39.6 -0.0112362 -0.0454559 -0.0565624 0.0363731 0 0 0 0
39.8 0.0496407 -0.0051117 0.0122566 -0.0649681 0 0 0 0
40 0.0130615 0.0568485 0.029192 0.0564823 0 0 0 0
