0.2 3.41291827837848E-04 8.80734400344359E-04 0.100697205249046 -1.54291336586257E-02 0.100607208151301 -1.53187100832402E-02 -3.68770407422769E-03 2.26677593181868E-04
0.4 1.04949119076929E-03 1.16161245678373E-03 9.71612714491373E-02 -0.030281489211969 9.72184163520356E-02 -3.01590951481255E-02 -3.4797314868048E-03 6.83107416395354E-04
0.6 1.91054766329716E-03 1.18535551291423E-03 9.14845210507104E-02 -4.44583567974219E-02 0.091570900616216 -4.43942945929522E-02 -2.93452241195327E-03 8.91854820072349E-04
0.8 2.08420975743551E-03 1.54102378072726E-03 8.37472565765701E-02 -5.75992706007146E-02 8.38192678163195E-02 -5.75485348220441E-02 -2.85989530072751E-03 1.7265212850769E-03
1 2.32903270974877E-03 0.001597856976804 0.074288070348122 -6.94825149526839E-02 7.43474129795607E-02 -6.93786656019593E-02 -2.19147139718456E-03 1.57879833056463E-03
1.2 2.64113644638653E-03 1.69067048406173E-03 6.31113689180984E-02 -7.97987861967178E-02 6.31473682135943E-02 -7.97139263915019E-02 -2.01874261080038E-03 1.45379537686209E-03
1.4 3.25355620103965E-03 1.87776032791945E-03 5.04165830853035E-02 -8.82637524530518E-02 5.04871176526758E-02 -8.82489136030622E-02 -1.82307410132704E-03 1.95978442052392E-03
1.6 3.57560470398102E-03 1.92967533696422E-03 0.036695427987406 -9.47870117571274E-02 3.67736934672729E-02 -9.47435475454532E-02 -1.75230133515564E-03 2.18238578713968E-03
1.8 3.89219431415635E-03 1.8465820580577E-03 2.20338755385567E-02 -9.91554251278324E-02 2.21504818251937E-02 -9.91360281723981E-02 -1.51938175863993E-03 0.002425443886304
2 4.13079548660944E-03 1.99875119358658E-03 7.03967341665723E-03 -0.101269988852811 7.11804256701136E-03 -0.101295713202282 -1.23266564125528E-03 2.72269849412178E-03
2.2 4.38852619895683E-03 2.09279067793413E-03 -8.14182613738463E-03 -0.101240061960597 -8.0816599611012E-03 -0.10125262627375 -1.20405507661329E-03 3.01430070072721E-03
2.4 4.25212080062572E-03 2.10864823884789E-03 -2.31931005196527E-02 -9.88623217551711E-02 -2.30686620370957E-02 -9.88597967390998E-02 -1.53344657278776E-03 3.22036497464107E-03
2.6 5.09480807583363E-03 2.00039022655186E-03 -3.76761019448451E-02 -9.42666190157774E-02 -3.75516806913281E-02 -9.42374201659622E-02 -9.63439070391443E-04 3.19670025740741E-03
2.8 5.58515992106319E-03 1.6751292713617E-03 -5.13562507827969E-02 -8.75514772523298E-02 -5.12640653662839E-02 -0.087614019661233 -4.8821593378544E-04 3.68625537692269E-03
3 6.07356764545571E-03 1.21439823002129E-03 -6.37464919896898E-02 -7.88505442814455E-02 -6.37265834903074E-02 -7.89597557205242E-02 -2.75076013349141E-04 4.13647503142738E-03
3.2 6.07033877618917E-03 1.18166550864206E-03 -7.47678769443042E-02 -6.84542584989626E-02 -7.47340326500023E-02 -6.85202014948075E-02 1.02696998552791E-05 4.17547857796023E-03
3.4 7.43155749208842E-03 6.89564518299358E-04 -8.41591480137433E-02 -5.64347006554257E-02 -0.084147337464508 -5.64572682165178E-02 4.60695664576365E-04 5.44663683084127E-03
3.6 6.99081272769665E-03 -1.41709384618853E-04 -9.16601771392186E-02 -4.33610114992566E-02 -9.16053729348685E-02 -4.33560289971297E-02 1.10844074457524E-03 4.64051129083434E-03
3.8 7.17957572070048E-03 -1.10749455636515E-03 -9.70703590717632E-02 -0.029144684179311 -9.70456480337947E-02 -2.92288480808777E-02 1.36409588351576E-03 4.62143925498261E-03
4 7.55676450296569E-03 -1.87339445943577E-03 -0.100267301755125 -1.43398630378514E-02 -0.100293423723917 -1.43816895081659E-02 1.8623110827415E-03 4.34883283242727E-03
4.2 7.55561186683848E-03 -2.72350076648605E-03 -0.101235453896119 7.77880516132641E-04 -0.10124439353584 7.85751098479084E-04 2.55634604846625E-03 4.70720251658795E-03
4.4 7.31767792888026E-03 -3.9397548457217E-03 -9.99800932211097E-02 1.58436586656512E-02 -9.99590172939985E-02 1.58394635993254E-02 2.52906476565762E-03 4.88365580072151E-03
4.6 7.4872617748142E-03 -5.13727043689209E-03 -9.65200602710439E-02 3.05826452050658E-02 -9.64517170771755E-02 3.06073764108033E-02 3.50056541101925E-03 4.74681773773566E-03
4.8 7.1984910145494E-03 -6.0149105370752E-03 -0.090826801673115 4.46737651975378E-02 -9.07820885636837E-02 4.46467509004698E-02 3.82882425330591E-03 4.5317059885304E-03
5 5.99288268221012E-03 -7.15436012301733E-03 -8.30473550169707E-02 5.77016418952107E-02 -8.30929676774104E-02 5.76394654655748E-02 4.2135116671164E-03 4.57822067076712E-03
5.2 4.54184917925993E-03 -8.44756024209545E-03 -7.34573858877353E-02 6.94223460419478E-02 -7.35340822808841E-02 6.94039323308129E-02 4.86843411479986E-03 4.66861074049694E-03
5.4 3.84224848146885E-03 -9.33233929938902E-03 -6.22948556203376E-02 7.95235737322761E-02 -6.23005841295807E-02 7.95301741254508E-02 5.17476443411221E-03 4.26793648148928E-03
5.6 1.96160353456461E-03 -9.42215676749614E-03 -4.98169821725252E-02 8.79515476755181E-02 -4.97387142060865E-02 8.79246839132051E-02 5.19601782463799E-03 4.00077793575322E-03
5.8 6.76915956707491E-04 -1.01575156950515E-02 -3.60518357639686E-02 9.43811395406106E-02 -3.60632285437796E-02 9.43631796032064E-02 6.11984824291857E-03 3.35571096652385E-03
6 -4.87826282097058E-04 -9.79208072127177E-03 -2.15357364845189E-02 9.86400291715698E-02 -2.15490409256472E-02 9.86102712499207E-02 7.32922053915955E-03 3.84970609983413E-03
6.2 -2.46119361355417E-03 -9.74119866293986E-03 -6.53513900738747E-03 0.100740340738304 -6.56092267725329E-03 0.100708687448631 7.46785212074978E-03 3.48368261692063E-03
6.4 -4.17139848215945E-03 -9.35999487210894E-03 8.5300535014558E-03 0.100476006166805 8.49755477504777E-03 0.100525135595388 8.34973828622037E-03 2.45298195190187E-03
6.6 -6.26327948237955E-03 -8.43860488697253E-03 2.33265606054247E-02 9.80977555166029E-02 2.33643278500032E-02 9.81087437763412E-02 8.69820672947782E-03 1.91671670283127E-03
6.8 -7.30203349368256E-03 -7.89156459969733E-03 3.77157797829294E-02 9.34996694945882E-02 0.037713250572243 9.35161156785844E-02 1.03408006890252E-02 4.17075647281018E-04
7 -8.96878660227971E-03 -6.2652031982179E-03 5.12539411417705E-02 0.086774442307017 5.12512948248676E-02 8.67065927954273E-02 1.02517244854416E-02 1.97759711192755E-05
7.2 -9.37369601846725E-03 -4.80611204841453E-03 6.36699385481994E-02 7.81058751611703E-02 0.063599198093457 7.81440441619065E-02 1.16212006905174E-02 -6.0063444045385E-04
7.4 -1.10264141455077E-02 -3.10631023884634E-03 7.44920240176633E-02 6.76409308827973E-02 0.074523222878629 6.77283890295721E-02 1.20089244847261E-02 -1.47804102919046E-03
7.6 -1.16857151105443E-02 -1.44524132979864E-03 8.36726107068883E-02 5.58483734275423E-02 8.37397805622686E-02 5.58205552019049E-02 1.29252027632364E-02 -1.40080881843376E-03
7.8 -1.15017801070191E-02 1.38172983011722E-03 9.10700173408417E-02 4.27727081952106E-02 9.10972930151964E-02 4.26745853697434E-02 1.32048808332038E-02 -2.75152473342987E-03
8 -1.07689492553569E-02 3.44591530583995E-03 9.64242727137096E-02 2.86577911353299E-02 0.096417277770878 2.85984398932516E-02 1.42673526332379E-02 -2.8557843460343E-03
8.2 -1.09093554212114E-02 5.90633500171841E-03 9.95911336942549E-02 1.39020265290723E-02 9.95040928109226E-02 1.39117639117705E-02 1.32245104870346E-02 -5.2283476602205E-03
8.4 -1.09241035107205E-02 6.11358352732182E-03 0.100437447810922 -1.12949355382869E-03 0.100431319550418 -1.08878365281413E-03 1.43000486302517E-02 -4.7934782440934E-03
8.6 -9.20126916690683E-03 9.00613543071273E-03 9.90781467009367E-02 -1.60802864880618E-02 9.90976790861393E-02 -1.60679545835041E-02 1.30235252290471E-02 -6.56378596769278E-03
8.8 -8.25743877355166E-03 0.010169623424874 0.095516472382345 -3.05917800748626E-02 9.55483210074355E-02 -3.06297405087407E-02 1.46996075025083E-02 -6.5261727038404E-03
9 -4.57267312266535E-03 1.25296705028792E-02 8.99568713981877E-02 -4.44868611452675E-02 8.98725902167286E-02 -4.45850299241988E-02 1.44214688941758E-02 -7.96266550091009E-03
9.2 -3.18518755780322E-03 1.27305944964761E-02 8.22769154231927E-02 -5.74655094751163E-02 8.21683769776631E-02 -5.74657929374335E-02 1.48710552700341E-02 -8.26857405377787E-03
9.4 -4.88077252462981E-04 1.37520549667799E-02 7.27004256553871E-02 -6.90002489905917E-02 7.27374665167094E-02 -6.90220638333766E-02 1.53521244227316E-02 -8.55859172455715E-03
9.6 5.06903501707095E-04 1.36297831569607E-02 6.15570260219985E-02 -0.079043924985189 6.15169042410333E-02 -0.0790380615951 1.49355886775175E-02 -9.51122971397763E-03
9.8 3.81061487510567E-03 1.35672382826217E-02 4.90361109644661E-02 -8.72239186701189E-02 4.90010377009185E-02 -8.73093205543526E-02 1.49854764967638E-02 -1.10139896889755E-02
10 4.02173934035056E-03 1.29186741119599E-02 3.55211458003365E-02 -9.35613657121087E-02 3.54483536498962E-02 -9.36416103389703E-02 1.34563104595982E-02 -0.012613903495126
10.2 6.90809982391946E-03 1.16278325725864E-02 2.11557713657278E-02 -0.0978109923268 2.10692456828107E-02 -9.77580695064122E-02 1.21240275787845E-02 -1.36392273460084E-02
10.4 7.38028549410982E-03 0.010779238869869 6.30337786937933E-03 -9.97726887940947E-02 6.29550135146354E-03 -9.97315629054286E-02 1.17869718100048E-02 -1.44219820966629E-02
10.6 8.96057399324592E-03 7.90276049270991E-03 -8.65590348396925E-03 -0.09956585655493 -8.68803322260809E-03 -9.95299075300872E-02 1.09088601873273E-02 -1.60425195261194E-02
10.8 1.09022736317084E-02 6.64547208504455E-03 -0.023403431185345 -9.70364935738133E-02 -2.33644401906389E-02 -9.71228654564598E-02 1.07844960319703E-02 -1.78566498693434E-02
11 1.07060949521723E-02 4.74950344912064E-03 -3.74778708873873E-02 -9.24395912056985E-02 -3.75636389449043E-02 -9.24546418506736E-02 8.18197028586144E-03 -1.85246278576359E-02
11.2 1.32913358507673E-02 1.65443412277162E-03 -5.08266784137129E-02 -8.58221744632635E-02 -5.08910413727763E-02 -8.57728550349101E-02 1.08263627948095E-02 -2.08120942545793E-02
11.4 1.25184586862841E-02 -9.91995890072936E-04 -6.30436815020252E-02 -7.72333178270148E-02 -6.31397994767432E-02 -7.71594511714555E-02 1.09930111552122E-02 -1.81373486697484E-02
11.6 1.17918934108032E-02 -4.23773506010171E-04 -7.38339130436707E-02 -6.69317674660539E-02 -7.38887071915704E-02 -6.68838354749792E-02 7.77359654716057E-03 -2.03927668548317E-02
11.8 1.00143680633782E-02 -9.10594375998255E-04 -8.29200597115167E-02 -5.50472366504062E-02 -8.28827342681142E-02 -5.50658776747596E-02 7.94684762914154E-03 -2.03884064745534E-02
12 0.011502909275173 -2.93997479022945E-03 -9.00872348262805E-02 -4.20384880987132E-02 -9.01430406647076E-02 -4.20125574064715E-02 5.91237969742844E-03 -1.87998968099352E-02
12.2 9.94290174480514E-03 -3.02181207092058E-03 -9.53556757622655E-02 -2.82755449465363E-02 -9.53669438104867E-02 -2.80883553858747E-02 5.72911083447491E-03 -0.019214602222687
12.4 7.96649099899421E-03 -4.3849959815882E-03 -9.84525068708834E-02 -1.37237656884347E-02 -9.84832144019142E-02 -1.35244702130284E-02 5.13361109103638E-03 -1.75830126560581E-02
12.6 6.36023645816672E-03 -2.51979715153924E-03 -9.93925389166353E-02 1.08563913154443E-03 -9.93015341719923E-02 1.30808357445529E-03 3.46441152627344E-03 -1.90791712828793E-02
12.8 2.71273362695996E-03 -1.84057472816093E-03 -9.79855335590407E-02 1.59378359013966E-02 -9.79414326977903E-02 1.60673083597209E-02 1.44781813989939E-03 -1.79169265265776E-02
13 1.36973428730767E-03 -1.39184665475538E-03 -9.44258405900133E-02 3.02769909982836E-02 -9.43606459054139E-02 0.030544349284885 -7.46232735918519E-04 -1.75686868131102E-02
13.2 -1.31050625081793E-03 -6.53055105331846E-04 -8.88032745008119E-02 4.39626283417248E-02 -8.87362059737258E-02 4.41475895575306E-02 -2.92371370059744E-03 -1.62789230777368E-02
13.4 -2.26954675094868E-03 8.19000148489181E-04 -8.12617528455618E-02 5.66621843321117E-02 -8.10697688878999E-02 5.69398902392497E-02 -2.62373229451394E-03 -1.66091071007179E-02
13.6 -2.25090674090804E-03 2.15178944276475E-03 -7.19270889838227E-02 6.81043360184816E-02 -7.16848904634389E-02 6.83459934858663E-02 -5.31081597601586E-03 -1.51901986780832E-02
13.8 -3.15528182520342E-03 4.45676295312079E-03 -6.09100229796219E-02 7.80930611567639E-02 -6.06141677628073E-02 7.81721741756776E-02 -5.69648576142476E-03 -1.50437096731713E-02
14 -3.13791338459696E-03 6.17811905801219E-03 -4.85389924239107E-02 8.61809718924026E-02 -4.82810865167588E-02 8.63056183374982E-02 -7.92931983936158E-03 -0.013344232352727
14.2 -1.15511107568981E-03 8.17967898734143E-03 -3.50208439342722E-02 9.23933904232162E-02 -3.48375892484415E-02 9.24692986693758E-02 -6.07628193092572E-03 -1.17233196817896E-02
14.4 -3.70070533313637E-03 1.06336116587202E-02 -2.11855464347685E-02 9.64411940609271E-02 -2.06908107132412E-02 9.65357704661927E-02 -1.08805881846888E-02 -1.09683298888744E-02
14.6 -2.40062961528257E-03 1.24621997505288E-02 -6.52065665405245E-03 9.85058807245512E-02 -6.07211807573175E-03 9.84565240186567E-02 -9.70771261168802E-03 -1.12351630260078E-02
14.8 -2.50393049912179E-03 1.32977026087101E-02 8.21773394141309E-03 9.82931199413292E-02 8.63908042283044E-03 9.81259332371065E-02 -0.012333643077032 -8.96521291492386E-03
15 2.64812345769982E-03 1.47177039713933E-02 0.022860277363399 9.59485530615658E-02 2.32087682619497E-02 9.58112083071271E-02 -1.08139149592483E-02 -6.93936797458536E-03
15.2 3.9537327446365E-03 1.44433759354312E-02 3.68578061487914E-02 9.13153405296617E-02 3.71794120724913E-02 9.11705284524421E-02 -1.10566233114474E-02 -5.60888296328834E-03
15.4 8.24942604249888E-03 1.28479415376142E-02 5.00339878719942E-02 0.084659205843087 5.03106067504804E-02 8.45374266883599E-02 -9.81573540122503E-03 -3.62195067788319E-03
15.6 9.21454073972598E-03 1.46691636892361E-02 6.19748011247341E-02 7.63669858652541E-02 6.23090226149144E-02 7.60480962474093E-02 -1.05735875800935E-02 -4.47032963674717E-03
15.8 1.11178756274922E-02 1.42315128343304E-02 7.26496595122073E-02 6.62959065784875E-02 7.28729697450657E-02 0.065887773015457 -1.22914172479599E-02 -2.05862924099038E-03
16 1.38382474106052E-02 1.26241032700151E-02 8.16928902531383E-02 5.46460639003228E-02 8.17795222197769E-02 5.43225670875855E-02 -0.011579923966724 -1.09154278999816E-03
16.2 1.46740960636441E-02 1.00025631577021E-02 8.88048251416477E-02 4.17566633143289E-02 8.89092520965691E-02 4.14996351793657E-02 -1.22501028814536E-02 1.37269041369239E-03
16.4 1.59463168292995E-02 8.34176217657171E-03 9.38586957566111E-02 2.80774119710104E-02 9.40164703782923E-02 2.78209111056266E-02 -1.19638276051795E-02 2.65081415934329E-03
16.6 1.75618781841521E-02 5.52729668682852E-03 9.68963963137261E-02 1.38264960536397E-02 9.70721098748939E-02 1.35009637938514E-02 -1.14939001687091E-02 4.5466728497176E-03
16.8 1.88558744430267E-02 2.21952284207785E-03 9.79924987955611E-02 -7.62438399738158E-04 9.79135054340581E-02 -1.13674018472149E-03 -1.09323937466732E-02 5.90964602600715E-03
17 1.85727889793568E-02 -1.78772860003542E-03 9.67331404391832E-02 -1.54454858469159E-02 0.096558352545707 -1.57365811570602E-02 -9.98287176270451E-03 7.52700006046709E-03
17.2 1.72952612755136E-02 -4.3117743287541E-03 9.32637598511275E-02 -2.96726090352756E-02 9.31677782806492E-02 -2.98640897752189E-02 -9.68074202661219E-03 9.20720918088727E-03
17.4 1.58864319020351E-02 -6.77120861116561E-03 8.76708602787107E-02 -4.31137465751485E-02 0.087563258050742 -4.33371089673005E-02 -9.26140981614511E-03 1.11531636708232E-02
17.6 1.36126156716689E-02 -9.34925925205859E-03 0.080187667876915 -5.55669176273136E-02 0.080065711988562 -5.57979614751587E-02 -8.10767318529207E-03 1.26167154032357E-02
17.8 0.01203937317859 -1.17097042894404E-02 7.10548017490934E-02 -6.67081761491326E-02 7.08672596035144E-02 -6.70758436553379E-02 -6.64230321194709E-03 1.45203758241206E-02
18 8.70981528189963E-03 -0.012414331176236 6.04020314896644E-02 -7.66352636724654E-02 6.00306981812146E-02 -7.68535103830826E-02 -5.66222766142538E-03 1.44109011542105E-02
18.2 5.85467581857037E-03 -1.63484204432672E-02 4.81609368139857E-02 -8.47224192815057E-02 0.047893501925836 -0.084735031338814 -3.17506085444303E-03 0.016490664110781
18.4 2.8726511962139E-03 -1.43379012454949E-02 3.49720464329405E-02 -9.08825456534698E-02 0.034720234255863 -9.09580591864287E-02 -1.46922289958086E-03 1.76907188567331E-02
18.6 6.26017346375003E-04 -1.49276771104763E-02 2.08440367522459E-02 -9.48776523102594E-02 0.020658361263895 -9.49737578304273E-02 2.81457325992584E-03 1.79305136227893E-02
18.8 -2.6641959926781E-03 -1.41972999323711E-02 6.76515499965476E-03 -9.68603696041166E-02 6.49563319783231E-03 -0.096922526138856 3.57702477669371E-03 1.94268519342559E-02
19 -6.12376710919058E-03 -1.33705139520777E-02 -7.69794544258141E-03 -9.67859461073658E-02 -8.15142300137307E-03 -9.66862159458408E-02 6.33401067299868E-03 0.018847229289497
19.2 -9.92270961760408E-03 -0.013501527180728 -2.19837264315926E-02 -9.44981416445401E-02 -2.24442234255455E-02 -0.094269152182364 7.78987535939853E-03 2.04467038888025E-02
19.4 -1.17526637795483E-02 -8.12318883558539E-03 -3.58885665978439E-02 -9.01446573236209E-02 -3.62113339275114E-02 -8.99015253675061E-02 9.7579542794869E-03 0.018318175417317
19.6 -1.35496820104888E-02 -7.29990315049509E-03 -4.88299827461911E-02 -8.36151070670058E-02 -4.90721242030052E-02 -8.34172638815189E-02 1.30292842172143E-02 0.020427494536008
19.8 -1.09516902888762E-02 5.7835720727742E-04 -6.06184401376038E-02 -0.075351068895233 -6.09402314718509E-02 -7.51182864511054E-02 1.55666480665661E-02 0.016441060191556
20 -1.35066450167335E-02 1.28574419623275E-03 -7.11537440718783E-02 -6.54919799825136E-02 -7.14701022827907E-02 -6.51135687287568E-02 1.81144219281667E-02 1.61981576248417E-02
20.2 -1.31341035861785E-02 5.10081904505606E-03 -7.99958558573739E-02 -5.41810124620821E-02 -8.02605733931634E-02 -5.37952624685722E-02 2.15657036193278E-02 1.51546246762935E-02
20.4 -1.26327819664906E-02 9.1211635981811E-03 -8.71701021152881E-02 -4.16383475188805E-02 -8.73402140085471E-02 -4.11171059387534E-02 0.022188638903914 1.42548322513796E-02
20.6 -1.27839021690785E-02 1.17226572026064E-02 -9.23299451929871E-02 -2.81729038840019E-02 -9.23605010316161E-02 -2.77071889793578E-02 2.52388933608213E-02 1.37965931049709E-02
20.8 -0.010337625772085 1.59695127099282E-02 -9.53355198942968E-02 -1.40343671473024E-02 -9.54028992634556E-02 -1.35737705103607E-02 2.53300606248538E-02 1.14612302538664E-02
21 -6.96876620228207E-03 0.018522891252313 -9.62144289185212E-02 2.22325765016054E-04 -9.62604679363754E-02 6.88803665147122E-04 2.83149060293453E-02 1.06055325024912E-02
21.2 -2.70801589848941E-03 2.08403814650976E-02 -9.50730883594699E-02 1.44452792703577E-02 -9.50056754514145E-02 1.49033093862691E-02 2.97774701626777E-02 9.25692788957447E-03
21.4 4.47414318236645E-03 2.30354180538551E-02 -9.18374091854025E-02 2.85013238581301E-02 -9.16724565753499E-02 2.89000682618257E-02 2.96867934768058E-02 6.22500760595688E-03
21.6 5.46289246285218E-03 2.31712339835376E-02 -8.64668661741455E-02 4.18077814917892E-02 -8.62383138197937E-02 4.21176180205986E-02 3.27035061291127E-02 3.53852720955131E-03
21.8 1.15590248153242E-02 2.18763666763816E-02 -7.92366212627706E-02 5.40904674952991E-02 -7.89105866926333E-02 5.44427265286261E-02 3.43238029588516E-02 1.4720758237087E-03
22 1.64787878468385E-02 2.02559130441626E-02 -7.01564579283735E-02 6.51956078336832E-02 -6.99115235698899E-02 6.54311129009586E-02 3.77590561987635E-02 -5.25950474256367E-04
22.2 1.98498639571135E-02 1.75823201138038E-02 -5.96607048487337E-02 7.48282836096292E-02 -5.94262968287018E-02 7.51020899832959E-02 0.039833246200962 -5.66648764518815E-03
22.4 0.024968989244065 1.45272079853682E-02 -4.80026161046249E-02 8.27624450762647E-02 -0.047500733429432 8.29819083316761E-02 4.27984305841368E-02 -0.010637964966865
22.6 0.032614396754302 8.17271548793139E-03 -3.50123598210226E-02 8.89532957202395E-02 -3.46422463550534E-02 8.89780842405369E-02 4.29068937189954E-02 -1.48133094572542E-02
22.8 4.21121371061452E-02 3.24135337923873E-03 -2.14050133147871E-02 0.092956229924843 -0.020968641881044 9.30311466856152E-02 4.76092281241398E-02 -2.02601803654225E-02
23 4.55301504935821E-02 -3.82054115766956E-03 -7.3380160861582E-03 9.49195499459368E-02 -7.02077128400445E-03 9.49821741198023E-02 5.11261093884167E-02 -2.39625231941909E-02
23.2 0.045849063450598 -8.13916172372832E-03 6.90568096759186E-03 9.47939982773051E-02 7.14996626619335E-03 9.47881888843971E-02 5.23955405951422E-02 -2.83083956815563E-02
23.4 4.02794290508953E-02 -0.011039275934039 0.020862787233855 9.27006392099144E-02 2.12726612398303E-02 9.26044591300354E-02 4.62257537373805E-02 -0.029521769082908
23.6 3.52652054908095E-02 -1.32962338525672E-02 3.44655100554995E-02 8.85760513464391E-02 3.47291964759086E-02 8.84392064567928E-02 4.30920351763947E-02 -2.95840227489292E-02
23.8 2.82398970953454E-02 -0.014072494429581 4.72157631186905E-02 8.24169794589254E-02 0.047516549870482 8.22042828510899E-02 3.89903002037537E-02 -2.93483035455922E-02
24 2.55976141983683E-02 -1.80602089674482E-02 5.89203674170728E-02 7.43987068163264E-02 5.91035779593235E-02 7.42056501635532E-02 3.68768285505136E-02 -3.05031966397449E-02
24.2 2.00902518232769E-02 -1.66604646599077E-02 0.069342904533938 6.46933544870612E-02 0.069498506302455 6.44722784048703E-02 3.30646518941825E-02 -3.25301273397193E-02
24.4 1.87994840596756E-02 -2.22224364184686E-02 7.79795256491456E-02 5.36693515821627E-02 7.82321053577606E-02 5.34572793989766E-02 2.92501119711701E-02 -3.22594280956533E-02
24.6 1.43098345751865E-02 -2.00499220540115E-02 8.50201097439264E-02 4.14880128525897E-02 8.51770151170005E-02 4.11217208996985E-02 2.75757311234841E-02 -3.45858865272275E-02
24.8 7.86110638088809E-03 -2.37102619370173E-02 9.01579494385113E-02 2.84973388240506E-02 9.01631220352217E-02 0.028096699822803 2.57675765681395E-02 -3.53931940080032E-02
25 1.27781520138969E-03 -1.95436350939689E-02 0.093368158815805 1.46399358667064E-02 9.33585431911872E-02 0.014385781322459 2.40655947044979E-02 -3.84480365918115E-02
25.2 -7.61200146063416E-03 -1.70457863851874E-02 9.44869549153022E-02 6.34589837055122E-04 9.44218112113275E-02 2.23846011883833E-04 1.89029807061548E-02 -0.038709337135777
25.4 -1.10857841783241E-02 -1.44366470967248E-02 9.33699026423509E-02 -1.34213174774837E-02 9.33218979437346E-02 -1.37169487840107E-02 1.61927622347474E-02 -0.040880074409034
25.6 -1.52407015688852E-02 -1.27005073891277E-02 9.02603264608409E-02 -0.026931459657382 9.00636071997103E-02 -0.027410757953167 1.28151083043885E-02 -3.99192236981549E-02
25.8 -1.47548076055799E-02 -1.10161031812482E-02 8.52302500579438E-02 -4.00061888718061E-02 8.50084490320301E-02 -4.04460101070672E-02 9.82980302589887E-03 -4.15932802218587E-02
26 -0.017472554913695 -4.2442081442849E-03 7.82139348638919E-02 -5.22275979180084E-02 7.79826693298852E-02 -5.24088127095041E-02 8.80293317448435E-03 -0.042690030900268
26.2 -1.98417635131928E-02 -2.72596830331807E-03 6.96318597539063E-02 -6.30919243303339E-02 0.069233707970108 -6.34613602165529E-02 3.52780844128738E-03 -4.29387346632936E-02
26.4 -1.87930013181658E-02 7.00449506090445E-03 5.91951309283381E-02 -7.27133817004586E-02 5.90835079405479E-02 -7.27719643245745E-02 3.83965176150998E-03 -4.32684395782343E-02
26.6 -0.021350166627262 2.73769194657529E-03 4.79721392925146E-02 -8.06050374412947E-02 4.75712281694668E-02 -8.08625368987461E-02 -4.23498889912892E-03 -3.62954519888672E-02
26.8 -2.07785373834195E-02 1.03341054924918E-02 3.55308160841334E-02 -8.66605507286362E-02 3.49878265479333E-02 -8.68230688848324E-02 -4.69573333978658E-03 -3.97031529084976E-02
27 -2.15572492320469E-02 0.00938194875008 2.22719091101457E-02 -9.10058609747632E-02 2.17582117114074E-02 -9.10014372837113E-02 -9.23871736345774E-03 -0.033586835602426
27.2 -0.016034919510266 1.87384570045212E-02 8.51487080127923E-03 -9.30930944636316E-02 7.99552850572339E-03 -9.31096683351766E-02 -1.30349046257229E-02 -0.041305638629632
27.4 -7.7213275147232E-03 1.64331910023312E-02 -5.68917456720555E-03 -9.32095041381114E-02 -5.64168311548195E-03 -9.31905808657979E-02 -1.10337258523111E-02 -3.58407524365658E-02
27.6 -5.22416629668047E-03 1.69012137403475E-02 -1.92607314582814E-02 -9.12555248990125E-02 -1.95740996153992E-02 -9.11242569216462E-02 -0.015030024667278 -3.68048876765173E-02
27.8 -5.68268011050966E-04 1.74976510092227E-02 -3.27082873692784E-02 -8.71477502154249E-02 -3.26486431861404E-02 -8.73124454304512E-02 -1.44062780474978E-02 -3.48262724669072E-02
28 -4.31776797424067E-04 1.90422855464501E-02 -4.51548190960763E-02 -8.13579175121086E-02 -4.51148267045649E-02 -0.081391252290271 -1.93641380378102E-02 -3.26575116814423E-02
28.2 4.71942801072265E-03 1.96845471630111E-02 -5.66573873308052E-02 -7.38389830893053E-02 -5.65468373289715E-02 -7.37844005617327E-02 -1.98712736308463E-02 -2.97552281613582E-02
28.4 6.09901323657261E-03 1.74685835583855E-02 -6.69872076535952E-02 -6.44753005562247E-02 -6.68844633047011E-02 -6.45615877339083E-02 -2.29707406076905E-02 -2.87270900342185E-02
28.6 8.94528440329759E-03 1.35220481631378E-02 -7.55756700091365E-02 -5.40106367910546E-02 -7.58268150437046E-02 -5.35688231390735E-02 -2.39707469871875E-02 -2.72353154756748E-02
28.8 1.12895907897349E-02 9.51025055328037E-03 -8.26786639945959E-02 -4.19957102425419E-02 -8.28295222983261E-02 -4.18415483025287E-02 -2.54486554537545E-02 -0.025118100111289
29 1.12601560126316E-02 3.75689188029239E-03 -8.78032028729175E-02 -2.94773189537811E-02 -8.79196456355416E-02 -2.90365462775296E-02 -2.52295408480413E-02 -2.11403150374608E-02
29.2 1.34812892155434E-02 2.14983597367091E-03 -9.12821525093695E-02 -1.61662389948733E-02 -9.13677017497576E-02 -0.015814945911669 -2.56271453428735E-02 -1.90945188034932E-02
29.4 1.18193789414814E-02 -2.77331757830799E-03 -9.25974497409337E-02 -2.40717648762512E-03 -9.24161079066548E-02 -1.99969603848031E-03 -2.59310231374806E-02 -1.56302337160836E-02
29.6 1.20396067058199E-02 -2.99125502106775E-03 -9.18420227360154E-02 1.13938446527796E-02 -9.17261730267895E-02 1.17284075406162E-02 -2.72692886006866E-02 -1.37007884721865E-02
29.8 7.96385792673985E-03 -1.00897386852758E-02 -8.86972136565365E-02 0.025034746422069 -8.86518353098213E-02 2.49641921397986E-02 -3.11389490632521E-02 -1.12990883811853E-02
30 7.20478668682055E-03 -7.89440259604069E-03 -8.42445863762587E-02 3.73884748888026E-02 -8.40310406281626E-02 3.79660647775934E-02 -0.029571933430157 -9.5937294453088E-03
30.2 2.26398943951443E-03 -1.03951338898719E-02 -7.76748847466987E-02 4.95143025396692E-02 -7.74084574018713E-02 4.99133878256459E-02 -3.01727509148896E-02 -7.71609870420174E-03
30.4 1.97440750860779E-03 -6.15101699189708E-03 -6.97371716410586E-02 6.03666165628965E-02 -6.91257019113424E-02 6.07546631231401E-02 -2.52962956234964E-02 -7.05643947116973E-03
30.6 -3.29464317614659E-03 -1.37349415565046E-02 -5.96711151232391E-02 7.01951244608645E-02 -5.93218663725844E-02 7.03524307488282E-02 -2.31333465664221E-02 2.46918009908637E-03
30.8 -1.02711894836015E-02 -8.0477930635459E-03 -4.87254358600871E-02 7.80144584399632E-02 -4.82323567475981E-02 7.81947086122655E-02 -2.31737203076014E-02 0.004462349352857
31 -1.43408047115485E-02 -1.19005499117674E-02 -3.64256020855418E-02 8.42952044977608E-02 -3.60031533344235E-02 8.44198270460647E-02 -1.98683537675781E-02 8.85271147051131E-03
31.2 -1.30572126285932E-02 -6.01561252159464E-03 -2.39050335501351E-02 8.84575131154481E-02 -2.31580081226189E-02 8.87250702334096E-02 -1.86123685737158E-02 9.78822566720963E-03
31.4 -2.38548356751459E-02 -5.33025024735134E-03 -1.01577074017625E-02 9.11310342812082E-02 -9.61282227798799E-03 9.10996133403272E-02 -2.73457225920888E-02 5.1422049435409E-03
31.6 -2.38200993760829E-02 -6.87911779846385E-03 3.31432564570403E-03 9.14414666727901E-02 3.94180742424021E-03 0.091335111750588 -1.53855883499481E-02 1.53648639806123E-02
31.8 -2.91771377441925E-02 5.11703511205375E-03 1.66056268642801E-02 9.02278457750968E-02 1.76532142527296E-02 8.98029976899159E-02 -1.86592185807896E-02 9.61339852739001E-03
32 -3.30243716135956E-02 1.74566133322221E-03 2.99810515667712E-02 0.08628018573258 3.03470393851383E-02 8.60104113326314E-02 -8.83566817383208E-04 1.81466989043093E-02
32.2 -2.93631978485252E-02 1.21200469929823E-02 4.24975899935618E-02 8.10153502567502E-02 4.29408752743701E-02 8.08652598722763E-02 -6.54188705387594E-03 1.18153760062418E-02
32.4 -3.87520038301661E-02 9.67710453703119E-03 5.35130188828711E-02 7.38652035569725E-02 5.43818154152525E-02 7.30630623904508E-02 2.75941987960566E-05 1.87312938883621E-02
32.6 -2.77579748003942E-02 2.07576164279301E-02 6.38184540870073E-02 6.49562789423992E-02 6.42265541308551E-02 6.43656254109905E-02 6.38137543685909E-03 1.87964097555653E-02
32.8 -0.032964301531029 2.24451968503374E-02 7.30516622969935E-02 5.45712732409982E-02 7.31567106158297E-02 5.40337669132133E-02 3.45670247844553E-03 2.09960104805121E-02
33 -1.97220854079831E-02 3.21961129634992E-02 8.01924249628998E-02 4.31025420607017E-02 8.02037794866607E-02 4.29010777283479E-02 1.46196131409074E-02 1.85269355271099E-02
33.2 -2.54140058578721E-02 3.79684536903126E-02 8.57334371422279E-02 3.09190863239983E-02 8.58114312922946E-02 3.01469320502301E-02 1.16838076247177E-02 1.95552020327479E-02
33.4 -9.13720699936346E-03 4.12607670824531E-02 8.87969927295432E-02 1.76660353808695E-02 0.088965686412639 1.74215034109793E-02 2.47289354790195E-02 2.08590441035327E-02
33.6 -1.17074677976815E-02 4.93895812255799E-02 9.06765724577252E-02 4.63696244465474E-03 9.06324354306861E-02 3.9164344539108E-03 2.90023523997308E-02 2.12067907616359E-02
33.8 5.18466026385796E-03 4.80751812082948E-02 8.99430104471401E-02 -8.93815784801341E-03 8.98585858705293E-02 -9.21918187529908E-03 4.21537364079654E-02 2.43134705769525E-02
34 9.29577457876602E-03 5.62976027949705E-02 8.77549448276478E-02 -2.22371577916075E-02 0.08761783996564 -2.23976863011941E-02 5.09353185668172E-02 2.17405655508916E-02
34.2 3.24947204288693E-02 5.51009427629127E-02 8.32021711795825E-02 -0.035273564804485 8.29273449935796E-02 -3.54851124302257E-02 5.79401346797189E-02 2.63854970837623E-02
34.4 4.30320834523656E-02 0.060677655781156 7.68666537370094E-02 -4.71030827080876E-02 7.67718098337221E-02 -4.72275020716682E-02 7.40082949396676E-02 1.79717134641829E-02
34.6 5.51007992410067E-02 5.59984151397454E-02 6.88056183347538E-02 -5.80545440346474E-02 6.86628961093631E-02 -5.83604989475449E-02 7.49751133644488E-02 2.08632789607283E-02
34.8 0.059127884711067 5.49419241801512E-02 5.95766757012306E-02 -6.72428539195667E-02 5.92498862137703E-02 -6.75096321539902E-02 8.35894368233819E-02 9.73465230463676E-03
35 5.49913845816992E-02 4.99621979897973E-02 4.92353918230173E-02 -7.56090686967351E-02 4.87667897597523E-02 -0.075807314959736 7.48528442904119E-02 9.08987219628618E-03
35.2 5.60748106487136E-02 4.31603392969887E-02 3.73837581704396E-02 -8.18093663558881E-02 3.68860945574105E-02 -8.18878462276294E-02 7.60037089587928E-02 5.04037491860141E-03
35.4 5.08327658731272E-02 0.036836077217549 2.47724408691553E-02 -8.63705691590128E-02 2.45566237993277E-02 -8.64211729161221E-02 0.07087534766569 9.36374128352952E-06
35.6 4.93997526681018E-02 2.93365102312437E-02 1.20063211072919E-02 -8.87946605811761E-02 1.13819395419574E-02 -8.88593536512713E-02 0.066011965021004 -2.50967433519217E-03
35.8 4.23656582358217E-02 2.95155863723893E-02 -1.24147782408418E-03 -8.99226010479932E-02 -1.35179269854585E-03 -9.00962393881496E-02 5.82918199454089E-02 -8.48229157796573E-03
36 4.01287841668131E-02 2.53517335105565E-02 -1.43032478767015E-02 -8.87234149312352E-02 -1.49146030138514E-02 -0.088373741866776 5.38781762146116E-02 -1.17431882373359E-02
36.2 4.07844155531559E-02 2.11827342063029E-02 -2.74215999960406E-02 -8.59241105443117E-02 -2.79353973535074E-02 -8.58401742516955E-02 4.78659092555302E-02 -1.37167419072079E-02
36.4 3.68170917127882E-02 0.016596543822332 -3.97386190332556E-02 -8.08233876167642E-02 -4.01702362416414E-02 -7.99854855501009E-02 0.047774985837905 -1.67099352598851E-02
36.6 3.53266740618428E-02 1.35887681789406E-02 -5.09693483364633E-02 -7.40359899177876E-02 -5.13080177964891E-02 -7.39398577414851E-02 4.54624459947863E-02 -2.04482047012857E-02
36.8 3.30537318765042E-02 9.65874113445082E-03 -6.09554152594088E-02 -6.49671460555577E-02 -6.14465719137208E-02 -6.47077608047582E-02 4.74834391748837E-02 -2.16305841055629E-02
37 2.74338521834513E-02 0.013195033384374 -6.98721747712379E-02 -5.62976659190944E-02 -7.06225810459593E-02 -5.55845403013537E-02 3.96923854087157E-02 -2.66383271953465E-02
37.2 2.75770830446965E-02 0.01268382317702 -7.79919519765775E-02 -4.45562902079084E-02 -7.78388582366844E-02 -4.37799359648329E-02 4.14738395623531E-02 -2.72392839444888E-02
37.4 0.020333450227901 1.54020356564329E-02 -8.34279132423739E-02 -3.33229826634833E-02 -8.39253062098812E-02 -3.25948520035738E-02 3.73560381577969E-02 -3.34493491149028E-02
37.6 1.79841431523103E-02 1.36872887507722E-02 -8.75927678188341E-02 -0.020471748284485 -8.71277023381879E-02 -1.92760606233681E-02 3.63926601292794E-02 -3.69257704028984E-02
37.8 1.20264447276117E-02 0.014328777205583 -8.92733601351327E-02 -7.06314568747115E-03 -8.93811679161416E-02 -6.88358064763422E-03 3.72157550186394E-02 -4.04866293074692E-02
38 1.73645576319801E-02 0.019887647107754 -8.92519147551247E-02 5.71183974386427E-03 -8.90678029612304E-02 7.14618519362867E-03 0.026199953775273 -4.28692989627433E-02
38.2 1.82153982709484E-02 1.95177255041169E-02 -8.69706728639268E-02 0.018906926427254 -8.66777012357079E-02 1.94868368077039E-02 3.56681577648502E-02 -4.99249163840483E-02
38.4 2.29944354549581E-02 1.89588435810133E-02 -8.40024984502972E-02 3.17261492054707E-02 -8.25825618478919E-02 3.27486453296784E-02 2.83273438132755E-02 -4.70093447475147E-02
38.6 2.14916600034972E-02 2.07084702883032E-02 -7.72937074441286E-02 4.37470874405659E-02 -7.70565116944603E-02 0.043770181737038 2.85489744585641E-02 -5.14706840368244E-02
38.8 1.34032533731958E-02 1.31362292005051E-02 -7.04293729047472E-02 5.45474139358701E-02 -6.97715021224507E-02 5.51032184115946E-02 2.45963897184987E-02 -5.32688148666017E-02
39 1.97491955665948E-02 1.96885826754276E-02 -6.20255185413794E-02 6.44440783833234E-02 -6.12576046426259E-02 0.064494174649552 1.75842473570688E-02 -4.63902298170688E-02
39.2 2.43980379869109E-02 1.76733127820115E-02 -5.16072152344725E-02 7.22624672107838E-02 -5.05055283627201E-02 7.31105742845767E-02 1.53765103429988E-02 -5.01696513867484E-02
39.4 2.89600013142833E-02 1.65229371678586E-02 -4.09358190062429E-02 7.90323692417017E-02 -3.91001493170072E-02 7.89832900901015E-02 7.19180511104582E-03 -4.86840830056328E-02
39.6 3.65019927419599E-02 1.11635264195602E-02 -0.027736000515367 8.46727497431616E-02 -2.69367203083261E-02 8.45595403816749E-02 2.72700461491998E-03 -4.85774179079722E-02
39.8 3.34083878137525E-02 8.92208376008198E-03 -0.014223230199845 8.77165843248238E-02 -1.49858371285844E-02 8.67175376473939E-02 -4.76016949132088E-03 -4.51546861710677E-02
40 0.035132245423124 2.82141247413834E-03 -0.002126452690289 8.74898537251164E-02 -9.29858360078664E-04 8.87656570811608E-02 -7.84884283549177E-03 -4.28535710193325E-02
